SP TS  120  2  ITER 7  DELT 15.5  (NROW,NCOL,NLAY) = (5, 4, 2)   ERROR 1.2726426E-10 %  FORMAT "(*(ES12.5, :, 1x))"     DEC-2019    LAY 1
 8.14991E+01  8.05333E+01  7.94183E+01  7.86725E+01
 8.08895E+01  7.95694E+01  7.60285E+01  7.85547E+01
 8.00840E+01  7.92739E+01  7.84657E+01  7.90633E+01
 7.65406E+01  7.55939E+01  7.57141E+01  7.59587E+01
 7.18668E+01  7.09012E+01  7.00043E+01  6.91324E+01
LAY 2
 8.35614E+01  8.26191E+01  8.09635E+01  8.19418E+01
 8.27406E+01  8.09125E+01  7.38471E+01  8.07165E+01
 8.10456E+01  7.96917E+01  7.94581E+01  8.11491E+01
 7.77849E+01  7.32442E+01  7.78360E+01  7.93858E+01
 7.64247E+01  7.53245E+01  7.63201E+01  7.69737E+01
