         DATE_START   PER   STP           DELT        SIMTIME       STORAGE_IN      STORAGE_OUT           CHD_IN          CHD_OUT           WEL_IN          WEL_OUT           SWI_IN          SWI_OUT         IN_OUT  PERCENT_ERROR
  NaN                   1     1            2.0            2.0              0.0              0.0              0.0              1.0              1.0              0.0              0.0              0.0            0.0            0.0
  NaN                   1     2            2.0            4.0              0.0              0.0              0.0        1.0000000              1.0              0.0              0.0              0.0  1.1102230E-16  1.1102230E-14
  NaN                   1     3            2.0            6.0              0.0              0.0              0.0              1.0              1.0              0.0              0.0              0.0            0.0            0.0
  NaN                   1     4            2.0            8.0              0.0              0.0              0.0              1.0              1.0              0.0              0.0              0.0            0.0            0.0
  NaN                   1     5            2.0           10.0              0.0              0.0              0.0              1.0              1.0              0.0              0.0              0.0            0.0            0.0
  NaN                   1     6            2.0           12.0              0.0              0.0              0.0              1.0              1.0              0.0              0.0              0.0            0.0            0.0
  NaN                   1     7            2.0           14.0              0.0              0.0              0.0              1.0              1.0              0.0              0.0              0.0            0.0            0.0
  NaN                   1     8            2.0           16.0              0.0              0.0              0.0              1.0              1.0              0.0              0.0              0.0            0.0            0.0
  NaN                   1     9            2.0           18.0              0.0              0.0              0.0              1.0              1.0              0.0              0.0              0.0            0.0            0.0
  NaN                   1    10            2.0           20.0              0.0              0.0              0.0              1.0              1.0              0.0              0.0              0.0            0.0            0.0
  NaN                   1    11            2.0           22.0              0.0              0.0              0.0              1.0              1.0              0.0              0.0              0.0            0.0            0.0
  NaN                   1    12            2.0           24.0              0.0              0.0              0.0              1.0              1.0              0.0              0.0              0.0            0.0            0.0
  NaN                   1    13            2.0           26.0              0.0              0.0              0.0              1.0              1.0              0.0              0.0              0.0            0.0            0.0
  NaN                   1    14            2.0           28.0              0.0              0.0              0.0        1.0000000              1.0              0.0              0.0              0.0  1.1102230E-16  1.1102230E-14
  NaN                   1    15            2.0           30.0              0.0              0.0              0.0              1.0              1.0              0.0              0.0              0.0            0.0            0.0
  NaN                   1    16            2.0           32.0              0.0              0.0              0.0              1.0              1.0              0.0              0.0              0.0            0.0            0.0
  NaN                   1    17            2.0           34.0              0.0              0.0              0.0              1.0              1.0              0.0              0.0              0.0            0.0            0.0
  NaN                   1    18            2.0           36.0              0.0              0.0              0.0              1.0              1.0              0.0              0.0              0.0            0.0            0.0
  NaN                   1    19            2.0           38.0              0.0              0.0              0.0        1.0000000              1.0              0.0              0.0              0.0  1.1102230E-16  1.1102230E-14
  NaN                   1    20            2.0           40.0              0.0              0.0              0.0              1.0              1.0              0.0              0.0              0.0            0.0            0.0
  NaN                   1    21            2.0           42.0              0.0              0.0              0.0        1.0000000              1.0              0.0              0.0              0.0  1.1102230E-16  1.1102230E-14
  NaN                   1    22            2.0           44.0              0.0              0.0              0.0              1.0              1.0              0.0              0.0              0.0            0.0            0.0
  NaN                   1    23            2.0           46.0              0.0              0.0              0.0              1.0              1.0              0.0              0.0              0.0            0.0            0.0
  NaN                   1    24            2.0           48.0              0.0              0.0              0.0              1.0              1.0              0.0              0.0              0.0            0.0            0.0
  NaN                   1    25            2.0           50.0              0.0              0.0              0.0        1.0000000              1.0              0.0              0.0              0.0  1.1102230E-16  1.1102230E-14
  NaN                   1    26            2.0           52.0              0.0              0.0              0.0        1.0000000              1.0              0.0              0.0              0.0  1.1102230E-16  1.1102230E-14
  NaN                   1    27            2.0           54.0              0.0              0.0              0.0              1.0              1.0              0.0              0.0              0.0            0.0            0.0
  NaN                   1    28            2.0           56.0              0.0              0.0              0.0              1.0              1.0              0.0              0.0              0.0            0.0            0.0
  NaN                   1    29            2.0           58.0              0.0              0.0              0.0        1.0000000              1.0              0.0              0.0              0.0  1.1102230E-16  1.1102230E-14
  NaN                   1    30            2.0           60.0              0.0              0.0              0.0        1.0000000              1.0              0.0              0.0              0.0  1.1102230E-16  1.1102230E-14
  NaN                   1    31            2.0           62.0              0.0              0.0              0.0        1.0000000              1.0              0.0              0.0              0.0  1.1102230E-16  1.1102230E-14
  NaN                   1    32            2.0           64.0              0.0              0.0              0.0        1.0000000              1.0              0.0              0.0              0.0  2.2204460E-16  2.2204460E-14
  NaN                   1    33            2.0           66.0              0.0              0.0              0.0              1.0              1.0              0.0              0.0              0.0            0.0            0.0
  NaN                   1    34            2.0           68.0              0.0              0.0              0.0        1.0000000              1.0              0.0              0.0              0.0  1.1102230E-16  1.1102230E-14
  NaN                   1    35            2.0           70.0              0.0              0.0              0.0              1.0              1.0              0.0              0.0              0.0            0.0            0.0
  NaN                   1    36            2.0           72.0              0.0              0.0              0.0        1.0000000              1.0              0.0              0.0              0.0  1.1102230E-16  1.1102230E-14
  NaN                   1    37            2.0           74.0              0.0              0.0              0.0              1.0              1.0              0.0              0.0              0.0            0.0            0.0
  NaN                   1    38            2.0           76.0              0.0              0.0              0.0              1.0              1.0              0.0              0.0              0.0            0.0            0.0
  NaN                   1    39            2.0           78.0              0.0              0.0              0.0              1.0              1.0              0.0              0.0              0.0            0.0            0.0
  NaN                   1    40            2.0           80.0              0.0              0.0              0.0        1.0000000              1.0              0.0              0.0              0.0  2.2204460E-16  2.2204460E-14
  NaN                   1    41            2.0           82.0              0.0              0.0              0.0        1.0000000              1.0              0.0              0.0              0.0  1.1102230E-16  1.1102230E-14
  NaN                   1    42            2.0           84.0              0.0              0.0              0.0        1.0000000              1.0              0.0              0.0              0.0  1.1102230E-16  1.1102230E-14
  NaN                   1    43            2.0           86.0              0.0              0.0              0.0              1.0              1.0              0.0              0.0              0.0            0.0            0.0
  NaN                   1    44            2.0           88.0              0.0              0.0              0.0              1.0              1.0              0.0              0.0              0.0            0.0            0.0
  NaN                   1    45            2.0           90.0              0.0              0.0              0.0              1.0              1.0              0.0              0.0              0.0            0.0            0.0
  NaN                   1    46            2.0           92.0              0.0              0.0              0.0              1.0              1.0              0.0              0.0              0.0            0.0            0.0
  NaN                   1    47            2.0           94.0              0.0              0.0              0.0        1.0000000              1.0              0.0              0.0              0.0  1.1102230E-16  1.1102230E-14
  NaN                   1    48            2.0           96.0              0.0              0.0              0.0              1.0              1.0              0.0              0.0              0.0            0.0            0.0
  NaN                   1    49            2.0           98.0              0.0              0.0              0.0              1.0              1.0              0.0              0.0              0.0            0.0            0.0
  NaN                   1    50            2.0          100.0              0.0              0.0              0.0              1.0              1.0              0.0              0.0              0.0            0.0            0.0
  NaN                   1    51            2.0          102.0              0.0              0.0              0.0              1.0              1.0              0.0              0.0              0.0            0.0            0.0
  NaN                   1    52            2.0          104.0              0.0              0.0              0.0        1.0000000              1.0              0.0              0.0              0.0  1.1102230E-16  1.1102230E-14
  NaN                   1    53            2.0          106.0              0.0              0.0              0.0              1.0              1.0              0.0              0.0              0.0            0.0            0.0
  NaN                   1    54            2.0          108.0              0.0              0.0              0.0              1.0              1.0              0.0              0.0              0.0            0.0            0.0
  NaN                   1    55            2.0          110.0              0.0              0.0              0.0              1.0              1.0              0.0              0.0              0.0            0.0            0.0
  NaN                   1    56            2.0          112.0              0.0              0.0              0.0        1.0000000              1.0              0.0              0.0              0.0  1.1102230E-16  1.1102230E-14
  NaN                   1    57            2.0          114.0              0.0              0.0              0.0              1.0              1.0              0.0              0.0              0.0            0.0            0.0
  NaN                   1    58            2.0          116.0              0.0              0.0              0.0        1.0000000              1.0              0.0              0.0              0.0  1.1102230E-16  1.1102230E-14
  NaN                   1    59            2.0          118.0              0.0              0.0              0.0        1.0000000              1.0              0.0              0.0              0.0  1.1102230E-16  1.1102230E-14
  NaN                   1    60            2.0          120.0              0.0              0.0              0.0        1.0000000              1.0              0.0              0.0              0.0  2.2204460E-16  2.2204460E-14
  NaN                   1    61            2.0          122.0              0.0              0.0              0.0              1.0              1.0              0.0              0.0              0.0            0.0            0.0
  NaN                   1    62            2.0          124.0              0.0              0.0              0.0        1.0000000              1.0              0.0              0.0              0.0  2.2204460E-16  2.2204460E-14
  NaN                   1    63            2.0          126.0              0.0              0.0              0.0              1.0              1.0              0.0              0.0              0.0            0.0            0.0
  NaN                   1    64            2.0          128.0              0.0              0.0              0.0        1.0000000              1.0              0.0              0.0              0.0  4.4408921E-16  4.4408921E-14
  NaN                   1    65            2.0          130.0              0.0              0.0              0.0              1.0              1.0              0.0              0.0              0.0            0.0            0.0
  NaN                   1    66            2.0          132.0              0.0              0.0              0.0              1.0              1.0              0.0              0.0              0.0            0.0            0.0
  NaN                   1    67            2.0          134.0              0.0              0.0              0.0        1.0000000              1.0              0.0              0.0              0.0  1.1102230E-16  1.1102230E-14
  NaN                   1    68            2.0          136.0              0.0              0.0              0.0              1.0              1.0              0.0              0.0              0.0            0.0            0.0
  NaN                   1    69            2.0          138.0              0.0              0.0              0.0        1.0000000              1.0              0.0              0.0              0.0  1.1102230E-16  1.1102230E-14
  NaN                   1    70            2.0          140.0              0.0              0.0              0.0        1.0000000              1.0              0.0              0.0              0.0  2.2204460E-16  2.2204460E-14
  NaN                   1    71            2.0          142.0              0.0              0.0              0.0              1.0              1.0              0.0              0.0              0.0            0.0            0.0
  NaN                   1    72            2.0          144.0              0.0              0.0              0.0        1.0000000              1.0              0.0              0.0              0.0  2.2204460E-16  2.2204460E-14
  NaN                   1    73            2.0          146.0              0.0              0.0              0.0        1.0000000              1.0              0.0              0.0              0.0  1.1102230E-16  1.1102230E-14
  NaN                   1    74            2.0          148.0              0.0              0.0              0.0        1.0000000              1.0              0.0              0.0              0.0  1.1102230E-16  1.1102230E-14
  NaN                   1    75            2.0          150.0              0.0              0.0              0.0              1.0              1.0              0.0              0.0              0.0            0.0            0.0
  NaN                   1    76            2.0          152.0              0.0              0.0              0.0              1.0              1.0              0.0              0.0              0.0            0.0            0.0
  NaN                   1    77            2.0          154.0              0.0              0.0              0.0        1.0000000              1.0              0.0              0.0              0.0  1.1102230E-16  1.1102230E-14
  NaN                   1    78            2.0          156.0              0.0              0.0              0.0              1.0              1.0              0.0              0.0              0.0            0.0            0.0
  NaN                   1    79            2.0          158.0              0.0              0.0              0.0        1.0000000              1.0              0.0              0.0              0.0  1.1102230E-16  1.1102230E-14
  NaN                   1    80            2.0          160.0              0.0              0.0              0.0              1.0              1.0              0.0              0.0              0.0            0.0            0.0
  NaN                   1    81            2.0          162.0              0.0              0.0              0.0        1.0000000              1.0              0.0              0.0              0.0  1.1102230E-16  1.1102230E-14
  NaN                   1    82            2.0          164.0              0.0              0.0              0.0              1.0              1.0              0.0              0.0              0.0            0.0            0.0
  NaN                   1    83            2.0          166.0              0.0              0.0              0.0        1.0000000              1.0              0.0              0.0              0.0  2.2204460E-16  2.2204460E-14
  NaN                   1    84            2.0          168.0              0.0              0.0              0.0              1.0              1.0              0.0              0.0              0.0            0.0            0.0
  NaN                   1    85            2.0          170.0              0.0              0.0              0.0              1.0              1.0              0.0              0.0              0.0            0.0            0.0
  NaN                   1    86            2.0          172.0              0.0              0.0              0.0              1.0              1.0              0.0              0.0              0.0            0.0            0.0
  NaN                   1    87            2.0          174.0              0.0              0.0              0.0        1.0000000              1.0              0.0              0.0              0.0  2.2204460E-16  2.2204460E-14
  NaN                   1    88            2.0          176.0              0.0              0.0              0.0              1.0              1.0              0.0              0.0              0.0            0.0            0.0
  NaN                   1    89            2.0          178.0              0.0              0.0              0.0              1.0              1.0              0.0              0.0              0.0            0.0            0.0
  NaN                   1    90            2.0          180.0              0.0              0.0              0.0              1.0              1.0              0.0              0.0              0.0            0.0            0.0
  NaN                   1    91            2.0          182.0              0.0              0.0              0.0              1.0              1.0              0.0              0.0              0.0            0.0            0.0
  NaN                   1    92            2.0          184.0              0.0              0.0              0.0        1.0000000              1.0              0.0              0.0              0.0  2.2204460E-16  2.2204460E-14
  NaN                   1    93            2.0          186.0              0.0              0.0              0.0              1.0              1.0              0.0              0.0              0.0            0.0            0.0
  NaN                   1    94            2.0          188.0              0.0              0.0              0.0        1.0000000              1.0              0.0              0.0              0.0  1.1102230E-16  1.1102230E-14
  NaN                   1    95            2.0          190.0              0.0              0.0              0.0        1.0000000              1.0              0.0              0.0              0.0  2.2204460E-16  2.2204460E-14
  NaN                   1    96            2.0          192.0              0.0              0.0              0.0              1.0              1.0              0.0              0.0              0.0            0.0            0.0
  NaN                   1    97            2.0          194.0              0.0              0.0              0.0              1.0              1.0              0.0              0.0              0.0            0.0            0.0
  NaN                   1    98            2.0          196.0              0.0              0.0              0.0        1.0000000              1.0              0.0              0.0              0.0  2.2204460E-16  2.2204460E-14
  NaN                   1    99            2.0          198.0              0.0              0.0              0.0        1.0000000              1.0              0.0              0.0              0.0  2.2204460E-16  2.2204460E-14
  NaN                   1   100            2.0          200.0              0.0              0.0              0.0              1.0              1.0              0.0              0.0              0.0            0.0            0.0
  NaN                   1   101            2.0          202.0              0.0              0.0              0.0        1.0000000              1.0              0.0              0.0              0.0  4.4408921E-16  4.4408921E-14
  NaN                   1   102            2.0          204.0              0.0              0.0              0.0              1.0              1.0              0.0              0.0              0.0            0.0            0.0
  NaN                   1   103            2.0          206.0              0.0              0.0              0.0              1.0              1.0              0.0              0.0              0.0            0.0            0.0
  NaN                   1   104            2.0          208.0              0.0              0.0              0.0        1.0000000              1.0              0.0              0.0              0.0  3.3306691E-16  3.3306691E-14
  NaN                   1   105            2.0          210.0              0.0              0.0              0.0        1.0000000              1.0              0.0              0.0              0.0  2.2204460E-16  2.2204460E-14
  NaN                   1   106            2.0          212.0              0.0              0.0              0.0        1.0000000              1.0              0.0              0.0              0.0  1.1102230E-16  1.1102230E-14
  NaN                   1   107            2.0          214.0              0.0              0.0              0.0              1.0              1.0              0.0              0.0              0.0            0.0            0.0
  NaN                   1   108            2.0          216.0              0.0              0.0              0.0              1.0              1.0              0.0              0.0              0.0            0.0            0.0
  NaN                   1   109            2.0          218.0              0.0              0.0              0.0              1.0              1.0              0.0              0.0              0.0            0.0            0.0
  NaN                   1   110            2.0          220.0              0.0              0.0              0.0        1.0000000              1.0              0.0              0.0              0.0  1.1102230E-16  1.1102230E-14
  NaN                   1   111            2.0          222.0              0.0              0.0              0.0              1.0              1.0              0.0              0.0              0.0            0.0            0.0
  NaN                   1   112            2.0          224.0              0.0              0.0              0.0        1.0000000              1.0              0.0              0.0              0.0  2.2204460E-16  2.2204460E-14
  NaN                   1   113            2.0          226.0              0.0              0.0              0.0        1.0000000              1.0              0.0              0.0              0.0  1.1102230E-16  1.1102230E-14
  NaN                   1   114            2.0          228.0              0.0              0.0              0.0              1.0              1.0              0.0              0.0              0.0            0.0            0.0
  NaN                   1   115            2.0          230.0              0.0              0.0              0.0        1.0000000              1.0              0.0              0.0              0.0  2.2204460E-16  2.2204460E-14
  NaN                   1   116            2.0          232.0              0.0              0.0              0.0              1.0              1.0              0.0              0.0              0.0            0.0            0.0
  NaN                   1   117            2.0          234.0              0.0              0.0              0.0        1.0000000              1.0              0.0              0.0              0.0  1.1102230E-16  1.1102230E-14
  NaN                   1   118            2.0          236.0              0.0              0.0              0.0              1.0              1.0              0.0              0.0              0.0            0.0            0.0
  NaN                   1   119            2.0          238.0              0.0              0.0              0.0              1.0              1.0              0.0              0.0              0.0            0.0            0.0
  NaN                   1   120            2.0          240.0              0.0              0.0              0.0        1.0000000              1.0              0.0              0.0              0.0  1.1102230E-16  1.1102230E-14
  NaN                   1   121            2.0          242.0              0.0              0.0              0.0              1.0              1.0              0.0              0.0              0.0            0.0            0.0
  NaN                   1   122            2.0          244.0              0.0              0.0              0.0              1.0              1.0              0.0              0.0              0.0            0.0            0.0
  NaN                   1   123            2.0          246.0              0.0              0.0              0.0        1.0000000              1.0              0.0              0.0              0.0  2.2204460E-16  2.2204460E-14
  NaN                   1   124            2.0          248.0              0.0              0.0              0.0              1.0              1.0              0.0              0.0              0.0            0.0            0.0
  NaN                   1   125            2.0          250.0              0.0              0.0              0.0              1.0              1.0              0.0              0.0              0.0            0.0            0.0
  NaN                   1   126            2.0          252.0              0.0              0.0              0.0        1.0000000              1.0              0.0              0.0              0.0  2.2204460E-16  2.2204460E-14
  NaN                   1   127            2.0          254.0              0.0              0.0              0.0              1.0              1.0              0.0              0.0              0.0            0.0            0.0
  NaN                   1   128            2.0          256.0              0.0              0.0              0.0              1.0              1.0              0.0              0.0              0.0            0.0            0.0
  NaN                   1   129            2.0          258.0              0.0              0.0              0.0        1.0000000              1.0              0.0              0.0              0.0  2.2204460E-16  2.2204460E-14
  NaN                   1   130            2.0          260.0              0.0              0.0              0.0              1.0              1.0              0.0              0.0              0.0            0.0            0.0
  NaN                   1   131            2.0          262.0              0.0              0.0              0.0              1.0              1.0              0.0              0.0              0.0            0.0            0.0
  NaN                   1   132            2.0          264.0              0.0              0.0              0.0              1.0              1.0              0.0              0.0              0.0            0.0            0.0
  NaN                   1   133            2.0          266.0              0.0              0.0              0.0              1.0              1.0              0.0              0.0              0.0            0.0            0.0
  NaN                   1   134            2.0          268.0              0.0              0.0              0.0        1.0000000              1.0              0.0              0.0              0.0  1.1102230E-16  1.1102230E-14
  NaN                   1   135            2.0          270.0              0.0              0.0              0.0              1.0              1.0              0.0              0.0              0.0            0.0            0.0
  NaN                   1   136            2.0          272.0              0.0              0.0              0.0              1.0              1.0              0.0              0.0              0.0            0.0            0.0
  NaN                   1   137            2.0          274.0              0.0              0.0              0.0              1.0              1.0              0.0              0.0              0.0            0.0            0.0
  NaN                   1   138            2.0          276.0              0.0              0.0              0.0              1.0              1.0              0.0              0.0              0.0            0.0            0.0
  NaN                   1   139            2.0          278.0              0.0              0.0              0.0              1.0              1.0              0.0              0.0              0.0            0.0            0.0
  NaN                   1   140            2.0          280.0              0.0              0.0              0.0        1.0000000              1.0              0.0              0.0              0.0  1.1102230E-16  1.1102230E-14
  NaN                   1   141            2.0          282.0              0.0              0.0              0.0        1.0000000              1.0              0.0              0.0              0.0  1.1102230E-16  1.1102230E-14
  NaN                   1   142            2.0          284.0              0.0              0.0              0.0              1.0              1.0              0.0              0.0              0.0            0.0            0.0
  NaN                   1   143            2.0          286.0              0.0              0.0              0.0              1.0              1.0              0.0              0.0              0.0            0.0            0.0
  NaN                   1   144            2.0          288.0              0.0              0.0              0.0        1.0000000              1.0              0.0              0.0              0.0  2.2204460E-16  2.2204460E-14
  NaN                   1   145            2.0          290.0              0.0              0.0              0.0              1.0              1.0              0.0              0.0              0.0            0.0            0.0
  NaN                   1   146            2.0          292.0              0.0              0.0              0.0              1.0              1.0              0.0              0.0              0.0            0.0            0.0
  NaN                   1   147            2.0          294.0              0.0              0.0              0.0        1.0000000              1.0              0.0              0.0              0.0  2.2204460E-16  2.2204460E-14
  NaN                   1   148            2.0          296.0              0.0              0.0              0.0        1.0000000              1.0              0.0              0.0              0.0  2.2204460E-16  2.2204460E-14
  NaN                   1   149            2.0          298.0              0.0              0.0              0.0        1.0000000              1.0              0.0              0.0              0.0  2.2204460E-16  2.2204460E-14
  NaN                   1   150            2.0          300.0              0.0              0.0              0.0              1.0              1.0              0.0              0.0              0.0            0.0            0.0
  NaN                   1   151            2.0          302.0              0.0              0.0              0.0              1.0              1.0              0.0              0.0              0.0            0.0            0.0
  NaN                   1   152            2.0          304.0              0.0              0.0              0.0              1.0              1.0              0.0              0.0              0.0            0.0            0.0
  NaN                   1   153            2.0          306.0              0.0              0.0              0.0              1.0              1.0              0.0              0.0              0.0            0.0            0.0
  NaN                   1   154            2.0          308.0              0.0              0.0              0.0              1.0              1.0              0.0              0.0              0.0            0.0            0.0
  NaN                   1   155            2.0          310.0              0.0              0.0              0.0        1.0000000              1.0              0.0              0.0              0.0  2.2204460E-16  2.2204460E-14
  NaN                   1   156            2.0          312.0              0.0              0.0              0.0              1.0              1.0              0.0              0.0              0.0            0.0            0.0
  NaN                   1   157            2.0          314.0              0.0              0.0              0.0              1.0              1.0              0.0              0.0              0.0            0.0            0.0
  NaN                   1   158            2.0          316.0              0.0              0.0              0.0              1.0              1.0              0.0              0.0              0.0            0.0            0.0
  NaN                   1   159            2.0          318.0              0.0              0.0              0.0        1.0000000              1.0              0.0              0.0              0.0  2.2204460E-16  2.2204460E-14
  NaN                   1   160            2.0          320.0              0.0              0.0              0.0        1.0000000              1.0              0.0              0.0              0.0  3.3306691E-16  3.3306691E-14
  NaN                   1   161            2.0          322.0              0.0              0.0              0.0              1.0              1.0              0.0              0.0              0.0            0.0            0.0
  NaN                   1   162            2.0          324.0              0.0              0.0              0.0              1.0              1.0              0.0              0.0              0.0            0.0            0.0
  NaN                   1   163            2.0          326.0              0.0              0.0              0.0              1.0              1.0              0.0              0.0              0.0            0.0            0.0
  NaN                   1   164            2.0          328.0              0.0              0.0              0.0        1.0000000              1.0              0.0              0.0              0.0  2.2204460E-16  2.2204460E-14
  NaN                   1   165            2.0          330.0              0.0              0.0              0.0              1.0              1.0              0.0              0.0              0.0            0.0            0.0
  NaN                   1   166            2.0          332.0              0.0              0.0              0.0              1.0              1.0              0.0              0.0              0.0            0.0            0.0
  NaN                   1   167            2.0          334.0              0.0              0.0              0.0              1.0              1.0              0.0              0.0              0.0            0.0            0.0
  NaN                   1   168            2.0          336.0              0.0              0.0              0.0              1.0              1.0              0.0              0.0              0.0            0.0            0.0
  NaN                   1   169            2.0          338.0              0.0              0.0              0.0              1.0              1.0              0.0              0.0              0.0            0.0            0.0
  NaN                   1   170            2.0          340.0              0.0              0.0              0.0        1.0000000              1.0              0.0              0.0              0.0  4.4408921E-16  4.4408921E-14
  NaN                   1   171            2.0          342.0              0.0              0.0              0.0        1.0000000              1.0              0.0              0.0              0.0  2.2204460E-16  2.2204460E-14
  NaN                   1   172            2.0          344.0              0.0              0.0              0.0              1.0              1.0              0.0              0.0              0.0            0.0            0.0
  NaN                   1   173            2.0          346.0              0.0              0.0              0.0              1.0              1.0              0.0              0.0              0.0            0.0            0.0
  NaN                   1   174            2.0          348.0              0.0              0.0              0.0              1.0              1.0              0.0              0.0              0.0            0.0            0.0
  NaN                   1   175            2.0          350.0              0.0              0.0              0.0              1.0              1.0              0.0              0.0              0.0            0.0            0.0
  NaN                   1   176            2.0          352.0              0.0              0.0              0.0        1.0000000              1.0              0.0              0.0              0.0  2.2204460E-16  2.2204460E-14
  NaN                   1   177            2.0          354.0              0.0              0.0              0.0              1.0              1.0              0.0              0.0              0.0            0.0            0.0
  NaN                   1   178            2.0          356.0              0.0              0.0              0.0        1.0000000              1.0              0.0              0.0              0.0  2.2204460E-16  2.2204460E-14
  NaN                   1   179            2.0          358.0              0.0              0.0              0.0        1.0000000              1.0              0.0              0.0              0.0  1.1102230E-16  1.1102230E-14
  NaN                   1   180            2.0          360.0              0.0              0.0              0.0        1.0000000              1.0              0.0              0.0              0.0  1.1102230E-16  1.1102230E-14
  NaN                   1   181            2.0          362.0              0.0              0.0              0.0              1.0              1.0              0.0              0.0              0.0            0.0            0.0
  NaN                   1   182            2.0          364.0              0.0              0.0              0.0        1.0000000              1.0              0.0              0.0              0.0  1.1102230E-16  1.1102230E-14
  NaN                   1   183            2.0          366.0              0.0              0.0              0.0        1.0000000              1.0              0.0              0.0              0.0  1.1102230E-16  1.1102230E-14
  NaN                   1   184            2.0          368.0              0.0              0.0              0.0              1.0              1.0              0.0              0.0              0.0            0.0            0.0
  NaN                   1   185            2.0          370.0              0.0              0.0              0.0              1.0              1.0              0.0              0.0              0.0            0.0            0.0
  NaN                   1   186            2.0          372.0              0.0              0.0              0.0        1.0000000              1.0              0.0              0.0              0.0  2.2204460E-16  2.2204460E-14
  NaN                   1   187            2.0          374.0              0.0              0.0              0.0              1.0              1.0              0.0              0.0              0.0            0.0            0.0
  NaN                   1   188            2.0          376.0              0.0              0.0              0.0        1.0000000              1.0              0.0              0.0              0.0  2.2204460E-16  2.2204460E-14
  NaN                   1   189            2.0          378.0              0.0              0.0              0.0        1.0000000              1.0              0.0              0.0              0.0  2.2204460E-16  2.2204460E-14
  NaN                   1   190            2.0          380.0              0.0              0.0              0.0        1.0000000              1.0              0.0              0.0              0.0  2.2204460E-16  2.2204460E-14
  NaN                   1   191            2.0          382.0              0.0              0.0              0.0              1.0              1.0              0.0              0.0              0.0            0.0            0.0
  NaN                   1   192            2.0          384.0              0.0              0.0              0.0        1.0000000              1.0              0.0              0.0              0.0  4.4408921E-16  4.4408921E-14
  NaN                   1   193            2.0          386.0              0.0              0.0              0.0        1.0000000              1.0              0.0              0.0              0.0  2.2204460E-16  2.2204460E-14
  NaN                   1   194            2.0          388.0              0.0              0.0              0.0              1.0              1.0              0.0              0.0              0.0            0.0            0.0
  NaN                   1   195            2.0          390.0              0.0              0.0              0.0        1.0000000              1.0              0.0              0.0              0.0  2.2204460E-16  2.2204460E-14
  NaN                   1   196            2.0          392.0              0.0              0.0              0.0        1.0000000              1.0              0.0              0.0              0.0  2.2204460E-16  2.2204460E-14
  NaN                   1   197            2.0          394.0              0.0              0.0              0.0              1.0              1.0              0.0              0.0              0.0            0.0            0.0
  NaN                   1   198            2.0          396.0              0.0              0.0              0.0              1.0              1.0              0.0              0.0              0.0            0.0            0.0
  NaN                   1   199            2.0          398.0              0.0              0.0              0.0        1.0000000              1.0              0.0              0.0              0.0  2.2204460E-16  2.2204460E-14
  NaN                   1   200            2.0          400.0              0.0              0.0              0.0        1.0000000              1.0              0.0              0.0              0.0  2.2204460E-16  2.2204460E-14
