# Because of Ignore_Time keyword the TIME column is ignored,
#  Since Time is ignored, each entry is used to specify the stress period (but really it could be any number).
#Time BHead
1     72.5
2     74.3
3     75.0
4     74.3
5     72.5
6     70.0
7     67.5
8     65.7
9     65.0
10    65.7
11    67.5
12    70.0
13    72.5
14    74.3
15    75.0
16    74.3
17    72.5
18    70.0
19    67.5
20    65.7
21    65.0
22    65.7
23    67.5
24    70.0
25    72.5
26    74.3
27    75.0
28    74.3
29    72.5
30    70.0
31    67.5
32    65.7
33    65.0
34    65.7
35    67.5
36    70.0
37    72.5
38    74.3
39    75.0
40    74.3
41    72.5
42    70.0
43    67.5
44    65.7
45    65.0
46    65.7
47    67.5
48    70.0
49    72.5
50    74.3
51    75.0
52    74.3
53    72.5
54    70.0
55    67.5
56    65.7
57    65.0
58    65.7
59    67.5
60    70.0
61    72.5
62    74.3
63    75.0
64    74.3
65    72.5
66    70.0
67    67.5
68    65.7
69    65.0
70    65.7
71    67.5
72    70.0
73    72.5
74    74.3
75    75.0
76    74.3
77    72.5
78    70.0
79    67.5
80    65.7
81    65.0
82    65.7
83    67.5
84    70.0
85    72.5
86    74.3
87    75.0
88    74.3
89    72.5
90    70.0
91    67.5
92    65.7
93    65.0
94    65.7
95    67.5
96    70.0
97    72.5
98    74.3
99    75.0
100   74.3
101   72.5
102   70.0
103   67.5
104   65.7
105   65.0
106   65.7
107   67.5
108   70.0
109   72.5
110   74.3
111   75.0
112   74.3
113   72.5
114   70.0
115   67.5
116   65.7
117   65.0
118   65.7
119   67.5
120   70.0