SP TS  120  2  ITER 1  DELT 15.5  (NROW,NCOL,NLAY) = (5, 4, 2)   ERROR 0.0 %  FORMAT "(*(ES12.5, :, 1x))"     DEC-2019    LAY 1
 9.00000E+01  9.00000E+01  9.00000E+01  9.00000E+01
 9.00000E+01  9.00000E+01  9.00000E+01  9.00000E+01
 9.00000E+01  9.00000E+01  9.00000E+01  9.00000E+01
 9.00000E+01  9.00000E+01  9.00000E+01  9.00000E+01
 9.00000E+01  9.00000E+01  9.00000E+01  9.00000E+01
LAY 2
 9.00000E+01  9.00000E+01  9.00000E+01  9.00000E+01
 9.00000E+01  9.00000E+01  9.00000E+01  9.00000E+01
 9.00000E+01  9.00000E+01  9.00000E+01  9.00000E+01
 9.00000E+01  9.00000E+01  9.00000E+01  9.00000E+01
 9.00000E+01  9.00000E+01  9.00000E+01  9.00000E+01
