SP TS  2  1  ITER 19  DELT 15778800.0  (NROW,NCOL,NLAY) = (12, 20, 1)   ERROR 4.2539877E-6 %  FORMAT "(*(ES12.5, :, 1x))"     LAY 1
 3.80000E+03  3.79354E+03  3.78804E+03  3.78413E+03  3.78203E+03          NaN          NaN          NaN          NaN          NaN  3.74684E+03  3.74581E+03  3.74418E+03  3.74231E+03  3.74048E+03  3.73889E+03  3.73770E+03  3.73704E+03          NaN          NaN
 3.80000E+03  3.79247E+03  3.78639E+03  3.78228E+03  3.77994E+03          NaN          NaN          NaN          NaN          NaN  3.74792E+03  3.74643E+03  3.74446E+03  3.74233E+03  3.74029E+03  3.73856E+03  3.73722E+03  3.73647E+03          NaN          NaN
 3.80000E+03  3.79218E+03  3.78385E+03  3.77927E+03  3.77549E+03  3.77009E+03  3.76572E+03  3.76182E+03  3.75810E+03  3.75441E+03  3.75050E+03  3.74759E+03  3.74493E+03  3.74229E+03  3.73983E+03  3.73790E+03  3.73623E+03  3.73521E+03          NaN          NaN
         NaN          NaN  3.77733E+03  3.77537E+03  3.77257E+03  3.76899E+03  3.76523E+03  3.76160E+03  3.75807E+03  3.75461E+03  3.75111E+03  3.74768E+03  3.74470E+03  3.74190E+03  3.73928E+03  3.73691E+03  3.73469E+03  3.73300E+03          NaN          NaN
         NaN          NaN  3.77268E+03  3.77141E+03  3.76926E+03  3.76647E+03  3.76337E+03  3.76018E+03  3.75697E+03  3.75376E+03  3.75053E+03  3.74735E+03  3.74432E+03  3.74138E+03  3.73852E+03  3.73572E+03  3.73268E+03  3.72916E+03  3.72362E+03  3.71880E+03
         NaN          NaN  3.76926E+03  3.76829E+03  3.76655E+03  3.76423E+03  3.76158E+03  3.75877E+03  3.75586E+03  3.75291E+03  3.74990E+03  3.74688E+03  3.74387E+03  3.74083E+03  3.73775E+03  3.73463E+03  3.73121E+03  3.72736E+03  3.72297E+03  3.71851E+03
         NaN          NaN  3.76678E+03  3.76595E+03  3.76440E+03  3.76231E+03  3.75995E+03  3.75743E+03  3.75481E+03  3.75210E+03  3.74930E+03  3.74642E+03  3.74345E+03  3.74035E+03  3.73709E+03  3.73366E+03  3.72998E+03  3.72601E+03  3.72175E+03  3.71736E+03
         NaN          NaN  3.76512E+03  3.76432E+03  3.76278E+03  3.76064E+03  3.75845E+03  3.75620E+03  3.75384E+03  3.75138E+03  3.74879E+03  3.74608E+03  3.74320E+03  3.74008E+03  3.73665E+03  3.73301E+03  3.72915E+03  3.72508E+03  3.72081E+03  3.71643E+03
         NaN          NaN  3.76428E+03  3.76345E+03  3.76175E+03  3.75901E+03  3.75702E+03  3.75507E+03  3.75300E+03  3.75078E+03  3.74843E+03  3.74593E+03  3.74322E+03  3.74016E+03  3.73650E+03  3.73265E+03  3.72864E+03  3.72448E+03  3.72018E+03  3.71579E+03
         NaN          NaN          NaN          NaN          NaN  3.75661E+03  3.75556E+03  3.75407E+03  3.75230E+03  3.75034E+03  3.74823E+03  3.74601E+03  3.74364E+03  3.74087E+03  3.73662E+03  3.73253E+03  3.72841E+03  3.72419E+03  3.71987E+03  3.71546E+03
         NaN          NaN          NaN          NaN          NaN  3.75527E+03  3.75455E+03  3.75335E+03  3.75181E+03  3.75006E+03  3.74818E+03  3.74627E+03  3.74448E+03  3.74310E+03          NaN          NaN          NaN          NaN          NaN          NaN
         NaN          NaN          NaN          NaN          NaN  3.75465E+03  3.75406E+03  3.75298E+03  3.75157E+03  3.74993E+03  3.74818E+03  3.74646E+03  3.74496E+03  3.74400E+03          NaN          NaN          NaN          NaN          NaN          NaN
