SP TS  120  2  ITER 3  DELT 15.5  (NROW,NCOL,NLAY) = (5, 4, 2)   ERROR 4.8367019E-8 %  FORMAT "(*(ES12.5, :, 1x))"     DEC-2019    LAY 1
 8.15137E+01  8.06185E+01  7.96704E+01  7.87680E+01
 8.13313E+01  8.09579E+01  8.04896E+01  8.01195E+01
 8.01491E+01  7.99133E+01  7.95995E+01  7.93669E+01
 7.74397E+01  7.71201E+01  7.67213E+01  7.64125E+01
 7.19667E+01  7.10478E+01  7.00871E+01  6.91598E+01
LAY 2
 8.41684E+01  8.38560E+01  8.34554E+01  8.31386E+01
 8.41043E+01  8.39039E+01  8.36343E+01  8.34333E+01
 8.33114E+01  8.31567E+01  8.29446E+01  8.27903E+01
 8.15441E+01  8.13456E+01  8.10794E+01  8.08815E+01
 7.92570E+01  7.89159E+01  7.84819E+01  7.81355E+01
