         DATE_START   PER   STP           DELT        SIMTIME       STORAGE_IN      STORAGE_OUT           CHD_IN          CHD_OUT     GHB_NORTH_IN    GHB_NORTH_OUT     GHB_SOUTH_IN    GHB_SOUTH_OUT         IN_OUT  PERCENT_ERROR
2010-01-01T00:00:00     1     1           15.5           15.5       2636.71362              0.0              0.0              0.0              0.0        691.58077              0.0       1945.13286  7.7307050E-12 -2.9319471E-13
2010-01-16T12:00:00     1     2           15.5           31.0       2626.13629              0.0              0.0              0.0              0.0        688.11963              0.0       1938.01666   9.8541932E-8  -3.7523541E-9
2010-02-01T00:00:00     2     1           14.0           45.0       2236.33762        0.1661781              0.0              0.0              0.0        484.30141              0.0       1751.87003  7.6852302E-11  3.4365250E-12
2010-02-15T00:00:00     2     2           14.0           59.0       2228.91390              0.0              0.0              0.0              0.0        482.12799              0.0       1746.78591   1.0321114E-6  -4.6305576E-8
2010-03-01T00:00:00     3     1           15.5           74.5       2072.51586        0.0587531              0.0              0.0              0.0        401.57764              0.0       1670.87947  8.0035534E-11 -3.8617574E-12
2010-03-16T12:00:00     3     2           15.5           90.0       2064.96842              0.0              0.0              0.0              0.0        399.39183              0.0       1665.57659   9.6206077E-7  -4.6589612E-8
2010-04-01T00:00:00     4     1           15.0          105.0       2206.02146              0.0              0.0              0.0              0.0        475.34233              0.0       1730.67913  2.6602720E-10 -1.2059139E-11
2010-04-16T00:00:00     4     2           15.0          120.0       2198.20627              0.0              0.0              0.0              0.0        472.94279              0.0       1725.26348   1.0534404E-6  -4.7922729E-8
2010-05-01T00:00:00     5     1           15.5          135.5       2571.02892              0.0              0.0              0.0              0.0        671.35961              0.0       1899.66931  1.5916157E-10 -6.1905789E-12
2010-05-16T12:00:00     5     2           15.5          151.0       2561.50359              0.0              0.0              0.0              0.0        668.19237              0.0       1893.31122   1.0396343E-7  -4.0586877E-9
2010-06-01T00:00:00     6     1           15.0          166.0       3079.30408              0.0              0.0              0.0              0.0        944.25737              0.0       2135.04670  2.1645974E-10 -7.0295019E-12
2010-06-16T00:00:00     6     2           15.0          181.0       3068.11230              0.0              0.0              0.0              0.0        940.26798              0.0       2127.84432   1.5938849E-7  -5.1950019E-9
2010-07-01T00:00:00     7     1           15.5          196.5       3579.20512              0.0              0.0              0.0              0.0       1215.00914              0.0       2364.19598  1.2005330E-10 -3.3541889E-12
2010-07-16T12:00:00     7     2           15.5          212.0       3565.64187              0.0              0.0              0.0              0.0       1209.95089              0.0       2355.69097   3.4239747E-8 -9.6026882E-10
2010-08-01T00:00:00     8     1           15.5          227.5       3924.13394              0.0              0.0              0.0              0.0       1405.30796              0.0       2518.82597  2.6011548E-10 -6.6286087E-12
2010-08-16T12:00:00     8     2           15.5          243.0       3909.19254              0.0              0.0              0.0              0.0       1399.59641              0.0       2509.59612   4.6894456E-8  -1.1995944E-9
2010-09-01T00:00:00     9     1           15.0          258.0       4038.18360              0.0              0.0              0.0              0.0       1471.91832              0.0       2566.26528  4.1927706E-10 -1.0382813E-11
2010-09-16T00:00:00     9     2           15.0          273.0       4023.34198              0.0              0.0              0.0              0.0       1466.19440              0.0       2557.14758   5.1422376E-8  -1.2781010E-9
2010-10-01T00:00:00    10     1           15.5          288.5       3865.00103        0.0494772              0.0              0.0              0.0       1382.58842              0.0       2482.36313  4.9112714E-11 -1.2707038E-12
2010-10-16T12:00:00    10     2           15.5          304.0       3850.48500              0.0              0.0              0.0              0.0       1377.05033              0.0       2473.43468   4.7051799E-8  -1.2219707E-9
2010-11-01T00:00:00    11     1           15.0          319.0       3465.27052        0.1383660              0.0              0.0              0.0       1171.52807              0.0       2293.60409  5.7343641E-10 -1.6548099E-11
2010-11-16T00:00:00    11     2           15.0          334.0       3452.85826              0.0              0.0              0.0              0.0       1166.94033              0.0       2285.91793   3.3777724E-8 -9.7825399E-10
2010-12-01T00:00:00    12     1           15.5          349.5       2918.97882        0.1945385              0.0              0.0              0.0        883.75482              0.0       2035.02947  9.9589670E-11  3.4117983E-12
2010-12-16T12:00:00    12     2           15.5          365.0       2908.38109              0.0              0.0              0.0              0.0        880.03875              0.0       2028.34235   1.5822752E-7  -5.4403985E-9
2011-01-01T00:00:00    13     1           15.5          380.5       2372.68871        0.2027985              0.0              0.0              0.0        597.64364              0.0       1774.84227  3.1377567E-11  1.3224477E-12
2011-01-16T12:00:00    13     2           15.5          396.0       2364.23804              0.0              0.0              0.0              0.0        594.89598              0.0       1769.34206   9.6308213E-8  -4.0735413E-9
2011-02-01T00:00:00    14     1           14.0          410.0       1977.05972        0.1665875              0.0              0.0              0.0        391.72736              0.0       1585.16578  1.9213076E-10  9.7180046E-12
2011-02-15T00:00:00    14     2           14.0          424.0       1970.79315              0.0              0.0              0.0              0.0        389.84939              0.0       1580.94376   8.9291598E-7  -4.5307443E-8
2011-03-01T00:00:00    15     1           15.5          439.5       1816.20285        0.0588884              0.0              0.0        0.0642411        309.81467              0.0       1506.39353  1.1505108E-10 -6.3344802E-12
2011-03-16T12:00:00    15     2           15.5          455.0       1809.90428              0.0              0.0              0.0        0.4580785        308.34274              0.0       1502.01962   8.1627422E-7  -4.5088997E-8
2011-04-01T00:00:00    16     1           15.0          470.0       1951.63281              0.0              0.0              0.0              0.0        384.01979              0.0       1567.61302  2.4101610E-10 -1.2349459E-11
2011-04-16T00:00:00    16     2           15.0          485.0       1945.01671              0.0              0.0              0.0              0.0        381.92846              0.0       1563.08825   9.0029675E-7  -4.6287353E-8
2011-05-01T00:00:00    17     1           15.5          500.5       2317.75702              0.0              0.0              0.0              0.0        580.34361              0.0       1737.41341  1.9099389E-11 -8.2404620E-13
2011-05-16T12:00:00    17     2           15.5          516.0       2309.47592              0.0              0.0              0.0              0.0        577.49707              0.0       1731.97885   8.8884917E-8  -3.8487051E-9
2011-06-01T00:00:00    18     1           15.0          531.0       2826.70768              0.0              0.0              0.0              0.0        853.41435              0.0       1973.29333  2.9922376E-10 -1.0585593E-11
2011-06-16T00:00:00    18     2           15.0          546.0       2816.73671              0.0              0.0              0.0              0.0        849.74010              0.0       1966.99660   1.4006173E-7  -4.9724821E-9
2011-07-01T00:00:00    19     1           15.5          561.5       3327.40660              0.0              0.0              0.0              0.0       1124.32830              0.0       2203.07830  1.3142198E-10 -3.9496821E-12
2011-07-16T12:00:00    19     2           15.5          577.0       3315.12185              0.0              0.0              0.0              0.0       1119.60039              0.0       2195.52145   3.2147454E-8 -9.6972166E-10
2011-08-01T00:00:00    20     1           15.5          592.5       3673.76443              0.0              0.0              0.0              0.0       1314.93055              0.0       2358.83388  1.1959855E-10 -3.2554769E-12
2011-08-16T12:00:00    20     2           15.5          608.0       3660.10780              0.0              0.0              0.0              0.0       1309.55126              0.0       2350.55654   4.4271928E-8  -1.2095799E-9
2011-09-01T00:00:00    21     1           15.0          623.0       3789.92959              0.0              0.0              0.0              0.0       1382.05314              0.0       2407.87645  1.6098056E-10 -4.2475871E-12
2011-09-16T00:00:00    21     2           15.0          638.0       3776.32089              0.0              0.0              0.0              0.0       1376.64881              0.0       2399.67208   4.8674337E-8  -1.2889354E-9
2011-10-01T00:00:00    22     1           15.5          653.5       3619.62874        0.0496680              0.0              0.0              0.0       1293.50664              0.0       2326.07244  1.5461410E-10 -4.2715458E-12
2011-10-16T12:00:00    22     2           15.5          669.0       3606.35321              0.0              0.0              0.0              0.0       1288.29174              0.0       2318.06147   4.4180069E-8  -1.2250622E-9
2011-11-01T00:00:00    23     1           15.0          684.0       3223.32789        0.1388617              0.0              0.0              0.0       1083.40835              0.0       2139.78068  3.2741809E-10 -1.0157766E-11
2011-11-16T00:00:00    23     2           15.0          699.0       3212.07032              0.0              0.0              0.0              0.0       1079.12338              0.0       2132.94694   3.1727723E-8 -9.8776551E-10
2011-12-01T00:00:00    24     1           15.5          714.5       2680.78808        0.1951633              0.0              0.0              0.0        796.66415              0.0       1883.92877  8.1854523E-11 -3.0533754E-12
2011-12-16T12:00:00    24     2           15.5          730.0       2671.32989              0.0              0.0              0.0              0.0        793.24875              0.0       1878.08114   1.4016268E-7  -5.2469253E-9
2012-01-01T00:00:00    25     1           15.5          745.5       2138.18717        0.2033923              0.0              0.0              0.0        511.52572              0.0       1626.45806  2.2419044E-10 -1.0485071E-11
2012-01-16T12:00:00    25     2           15.5          761.0       2130.82714              0.0              0.0              0.0              0.0        509.06737              0.0       1621.75977   8.3982286E-8  -3.9412998E-9
2012-02-01T00:00:00    26     1           14.5          775.5       1745.44599        0.1612582              0.0              0.0              0.0        306.34487              0.0       1438.93986  1.2778401E-10 -7.3209945E-12
2012-02-15T12:00:00    26     2           14.5          790.0       1739.94632              0.0              0.0              0.0              0.0        304.65822              0.0       1435.28810   8.0759673E-7  -4.6415037E-8
2012-03-01T00:00:00    27     1           15.5          805.5       1586.78749        0.0590642              0.0              0.0       19.5594022        244.48688              0.0       1361.80095  8.9357854E-11 -5.5627994E-12
2012-03-16T12:00:00    27     2           15.5          821.0       1581.52173              0.0              0.0              0.0       19.9017342        243.23941              0.0       1358.18406   7.8544376E-6  -4.9046600E-7
2012-04-01T00:00:00    28     1           15.0          836.0       1723.86923              0.0              0.0              0.0        0.0202025        299.67228              0.0       1424.21715  3.9153747E-10 -2.2712447E-11
2012-04-16T00:00:00    28     2           15.0          851.0       1718.24561              0.0              0.0              0.0        0.4228464        298.24950              0.0       1420.41895   7.7999471E-7  -4.5383663E-8
2012-05-01T00:00:00    29     1           15.5          866.5       2091.07517              0.0              0.0              0.0              0.0        496.29015              0.0       1594.78501  1.6916601E-10 -8.0899060E-12
2012-05-16T12:00:00    29     2           15.5          882.0       2083.82297              0.0              0.0              0.0              0.0        493.71995              0.0       1590.10302   7.6252036E-8  -3.6592377E-9
2012-06-01T00:00:00    30     1           15.0          897.0       2600.81647              0.0              0.0              0.0              0.0        769.57603              0.0       1831.24044  2.0736479E-10 -7.9730652E-12
2012-06-16T00:00:00    30     2           15.0          912.0       2591.85290              0.0              0.0              0.0              0.0        766.17270              0.0       1825.68020   1.2260352E-7  -4.7303427E-9
2012-07-01T00:00:00    31     1           15.5          927.5       3102.42933              0.0              0.0              0.0              0.0       1040.69160              0.0       2061.73773  3.2741809E-11  1.0553604E-12
2012-07-16T12:00:00    31     2           15.5          943.0       3091.19735              0.0              0.0              0.0              0.0       1036.24708              0.0       2054.95027   2.9416697E-8 -9.5162791E-10
2012-08-01T00:00:00    32     1           15.5          958.5       3450.16862              0.0              0.0              0.0              0.0       1231.59611              0.0       2218.57251  5.0022209E-12 -1.4498482E-13
2012-08-16T12:00:00    32     2           15.5          974.0       3437.56869              0.0              0.0              0.0              0.0       1226.50162              0.0       2211.06708   4.1225576E-8  -1.1992655E-9
2012-09-01T00:00:00    33     1           15.0          989.0       3568.15921              0.0              0.0              0.0              0.0       1299.17337              0.0       2268.98584  2.9604053E-10 -8.2967297E-12
2012-09-16T00:00:00    33     2           15.0         1004.0       3555.56518              0.0              0.0              0.0              0.0       1294.04318              0.0       2261.52200   4.5592969E-8  -1.2822988E-9
2012-10-01T00:00:00    34     1           15.5         1019.5       3400.14860        0.0498941              0.0              0.0              0.0       1211.28414              0.0       2188.81457  3.1377567E-10 -9.2282929E-12
2012-10-16T12:00:00    34     2           15.5         1035.0       3387.89709              0.0              0.0              0.0              0.0       1206.34728              0.0       2181.54982   4.1102794E-8  -1.2132244E-9
2012-11-01T00:00:00    35     1           15.0         1050.0       3006.49094        0.1393966              0.0              0.0              0.0       1001.97490              0.0       2004.37664  9.7315933E-11 -3.2368610E-12
2012-11-16T00:00:00    35     2           15.0         1065.0       2996.19110              0.0              0.0              0.0              0.0        997.95156              0.0       1998.23954   2.8947397E-8 -9.6613989E-10
2012-12-01T00:00:00    36     1           15.5         1080.5       2466.83894        0.1958243              0.0              0.0              0.0        716.06505              0.0       1750.57807  2.1191227E-10 -8.5904378E-12
2012-12-16T12:00:00    36     2           15.5         1096.0       2458.33128              0.0              0.0              0.0              0.0        712.91090              0.0       1745.42038   1.2326518E-7  -5.0141811E-9
2013-01-01T00:00:00    37     1           15.5         1111.5       1927.11995        0.2040169              0.0              0.0              0.0        431.71592              0.0       1495.20002  2.6830094E-11 -1.3922379E-12
2013-01-16T12:00:00    37     2           15.5         1127.0       1920.67343              0.0              0.0              0.0              0.0        429.51044              0.0       1491.16299   1.0942488E-6  -5.6972141E-8
2013-02-01T00:00:00    38     1           14.0         1141.0       1537.02046        0.1675437              0.0              0.0       16.9628056        244.20875              0.0       1309.60698  9.8452801E-11  6.3355123E-12
2013-02-15T00:00:00    38     2           14.0         1155.0       1532.50921              0.0              0.0              0.0       17.2732624        243.11767              0.0       1306.66481   8.3554805E-6  -5.3913892E-7
2013-03-01T00:00:00    39     1           15.5         1170.5       1380.50551        0.0592615              0.0              0.0       37.8405294        184.26152              0.0       1234.02526  1.0891199E-10 -7.6788025E-12
2013-03-16T12:00:00    39     2           15.5         1186.0       1376.10907              0.0              0.0              0.0       38.1352371        183.20886              0.0       1231.03545   7.2337189E-6  -5.1149005E-7
2013-04-01T00:00:00    40     1           15.0         1201.0       1519.02499              0.0              0.0              0.0       18.2177900        239.77874              0.0       1297.46404  2.6761882E-10 -1.7409014E-11
2013-04-16T00:00:00    40     2           15.0         1216.0       1514.23728              0.0              0.0              0.0       18.5743666        238.54358              0.0       1294.26808   8.2999770E-6  -5.4148708E-7
2013-05-01T00:00:00    41     1           15.5         1231.5       1887.26515              0.0              0.0              0.0              0.0        418.51350              0.0       1468.75165  8.6856744E-11 -4.6022544E-12
2013-05-16T12:00:00    41     2           15.5         1247.0       1880.87788              0.0              0.0              0.0              0.0        416.18601              0.0       1464.69188   9.8773307E-7  -5.2514471E-8
2013-06-01T00:00:00    42     1           15.0         1262.0       2397.85112              0.0              0.0              0.0              0.0        692.03897              0.0       1705.81215  1.9554136E-11  8.1548583E-13
2013-06-16T00:00:00    42     2           15.0         1277.0       2389.73470              0.0              0.0              0.0              0.0        688.87326              0.0       1700.86144   1.0671556E-7  -4.4655819E-9
2013-07-01T00:00:00    43     1           15.5         1292.5       2900.42965              0.0              0.0              0.0              0.0        963.37978              0.0       1937.04987  1.4097168E-10 -4.8603723E-12
2013-07-16T12:00:00    43     2           15.5         1308.0       2890.08036              0.0              0.0              0.0              0.0        959.18308              0.0       1930.89729   2.6695034E-8 -9.2367790E-10
2013-08-01T00:00:00    44     1           15.5         1323.5       3249.48436              0.0              0.0              0.0              0.0       1154.58149              0.0       2094.90287  2.6875568E-10 -8.2707179E-12
2013-08-16T12:00:00    44     2           15.5         1339.0       3237.76946              0.0              0.0              0.0              0.0       1149.73583              0.0       2088.03363   3.7682184E-8  -1.1638316E-9
2013-09-01T00:00:00    45     1           15.0         1354.0       3369.06931              0.0              0.0              0.0              0.0       1222.56830              0.0       2146.50100  3.8198777E-11 -1.1338080E-12
2013-09-16T00:00:00    45     2           15.0         1369.0       3357.32553              0.0              0.0              0.0              0.0       1217.67779              0.0       2139.64774   4.1803105E-8  -1.2451311E-9
2013-10-01T00:00:00    46     1           15.5         1384.5       3202.91536        0.0501364              0.0              0.0              0.0       1135.24213              0.0       2067.62309  7.2759576E-12 -2.2716671E-13
2013-10-16T12:00:00    46     2           15.5         1400.0       3191.52422              0.0              0.0              0.0              0.0       1130.54898              0.0       2060.97523   3.7497557E-8  -1.1749106E-9
2013-11-01T00:00:00    47     1           15.0         1415.0       2811.33390        0.1399419              0.0              0.0              0.0        926.59443              0.0       1884.59953  1.0322765E-10 -3.6718388E-12
2013-11-16T00:00:00    47     2           15.0         1430.0       2801.84198              0.0              0.0              0.0              0.0        922.80129              0.0       1879.04069   2.6167072E-8 -9.3392391E-10
2013-12-01T00:00:00    48     1           15.5         1445.5       2273.94579        0.1964910              0.0              0.0              0.0        641.37670              0.0       1632.37260  6.0936145E-11  2.6797536E-12
2013-12-16T12:00:00    48     2           15.5         1461.0       2266.24306              0.0              0.0              0.0              0.0        638.45328              0.0       1627.78978   1.0730673E-7  -4.7350054E-9
2014-01-01T00:00:00    49     1           15.5         1476.5       1736.51725        0.2046453              0.0              0.0              0.0        357.68256              0.0       1378.63004  3.0627234E-10 -1.7637161E-11
2014-01-16T12:00:00    49     2           15.5         1492.0       1730.84974              0.0              0.0              0.0              0.0        355.70163              0.0       1375.14811   9.4962752E-7  -5.4864816E-8
2014-02-01T00:00:00    50     1           14.0         1506.0       1348.40595        0.1680397              0.0              0.0       34.2360722        187.99784              0.0       1194.47615  7.8898665E-11  5.7063697E-12
2014-02-15T00:00:00    50     2           14.0         1520.0       1344.57999              0.0              0.0              0.0       34.5060681        187.06482              0.0       1192.02125   7.5692838E-6  -5.4886232E-7
2014-03-01T00:00:00    51     1           15.5         1535.5       1193.52707        0.0594690              0.0              0.0       55.0212124        128.41969              0.0       1120.06912  1.6984814E-10 -1.3603650E-11
2014-03-16T12:00:00    51     2           15.5         1551.0       1189.87719              0.0              0.0              0.0       55.2719324        127.53914              0.0       1117.60999   6.4327705E-6  -5.1662651E-7
2014-04-01T00:00:00    52     1           15.0         1566.0       1333.31804              0.0              0.0              0.0       35.3185594        184.23955              0.0       1184.39705  3.2196112E-10 -2.3524223E-11
2014-04-16T00:00:00    52     2           15.0         1581.0       1329.24769              0.0              0.0              0.0       35.6322643        183.17057              0.0       1181.70939   7.4735767E-6  -5.4756293E-7
2014-05-01T00:00:00    53     1           15.5         1596.5       1702.54231              0.0              0.0              0.0              0.0        346.18418              0.0       1356.35813  2.9558578E-11 -1.7361435E-12
2014-05-16T12:00:00    53     2           15.5         1612.0       1696.89792              0.0              0.0              0.0              0.0        344.07355              0.0       1352.82437   8.4596809E-7  -4.9853800E-8
2014-06-01T00:00:00    54     1           15.0         1627.0       2213.99397              0.0              0.0              0.0              0.0        619.96323              0.0       1594.03074  1.9235813E-10 -8.6882861E-12
2014-06-16T00:00:00    54     2           15.0         1642.0       2206.60186              0.0              0.0              0.0              0.0        617.00919              0.0       1589.59268   9.2288701E-8  -4.1823902E-9
2014-07-01T00:00:00    55     1           15.5         1657.5       2717.55064              0.0              0.0              0.0              0.0        891.54191              0.0       1826.00873  2.5875124E-10 -9.5214874E-12
2014-07-16T12:00:00    55     2           15.5         1673.0       2707.95583              0.0              0.0              0.0              0.0        887.56594              0.0       1820.38989   2.3816483E-8 -8.7950042E-10
2014-08-01T00:00:00    56     1           15.5         1688.5       3067.85061              0.0              0.0              0.0              0.0       1083.03379              0.0       1984.81682  2.2282620E-11 -7.2632677E-13
2014-08-16T12:00:00    56     2           15.5         1704.0       3056.89150              0.0              0.0              0.0              0.0       1078.40963              0.0       1978.48188   3.3979632E-8  -1.1115747E-9
2014-09-01T00:00:00    57     1           15.0         1719.0       3188.84737              0.0              0.0              0.0              0.0       1151.39471              0.0       2037.45266  2.8194336E-10 -8.8415445E-12
2014-09-16T00:00:00    57     2           15.0         1734.0       3177.82998              0.0              0.0              0.0              0.0       1146.71765              0.0       2031.11233   3.8095095E-8  -1.1987770E-9
2014-10-01T00:00:00    58     1           15.5         1749.5       3024.23253        0.0503843              0.0              0.0              0.0       1064.56146              0.0       1959.62068  7.7307050E-11 -2.5562535E-12
2014-10-16T12:00:00    58     2           15.5         1765.0       3013.57711              0.0              0.0              0.0              0.0       1060.08535              0.0       1953.49175   3.3855031E-8  -1.1234168E-9
2014-11-01T00:00:00    59     1           15.0         1780.0       2634.31650        0.1404824              0.0              0.0              0.0        856.48053              0.0       1777.69549  3.8789949E-10 -1.4724863E-11
2014-11-16T00:00:00    59     2           15.0         1795.0       2625.51877              0.0              0.0              0.0              0.0        852.89352              0.0       1772.62526   2.3543635E-8 -8.9672315E-10
2014-12-01T00:00:00    60     1           15.5         1810.5       2098.73885        0.1971473              0.0              0.0              0.0        571.85000              0.0       1526.69171  4.5474735E-12 -2.1667648E-13
2014-12-16T12:00:00    60     2           15.5         1826.0       2091.73147              0.0              0.0              0.0              0.0        569.13429              0.0       1522.59719   9.3012659E-8  -4.4466826E-9
2015-01-01T00:00:00    61     1           15.5         1841.5       1563.16923        0.2052637              0.0              0.0              0.0        288.71270              0.0       1274.25126  2.6284397E-10 -1.6814812E-11
2015-01-16T12:00:00    61     2           15.5         1857.0       1558.17639              0.0              0.0              0.0              0.0        286.93442              0.0       1271.24197   8.1364828E-7  -5.2217983E-8
2015-02-01T00:00:00    62     1           14.0         1871.0       1176.70155        0.1685293              0.0              0.0       50.4750682        135.73956              0.0       1091.26853  2.3374014E-10  1.9046984E-11
2015-02-15T00:00:00    62     2           14.0         1885.0       1173.47082              0.0              0.0              0.0       50.7072042        134.94838              0.0       1089.22964   6.6511375E-6  -5.4331456E-7
2015-03-01T00:00:00    63     1           15.5         1900.5       1023.21657        0.0596792              0.0              0.0       83.8974176       89.2069751              0.0       1017.84733  5.3296390E-10  4.8139930E-11
2015-03-16T12:00:00    63     2           15.5         1916.0       1020.21477              0.0              0.0              0.0       84.3295665       88.7046883              0.0       1015.83965   5.5511559E-6  -5.0257430E-7
2015-04-01T00:00:00    64     1           15.0         1931.0       1164.14242              0.0              0.0              0.0       51.3964209        132.58437              0.0       1082.95447  2.0281732E-10 -1.6685384E-11
2015-04-16T00:00:00    64     2           15.0         1946.0       1160.69578              0.0              0.0              0.0       51.6696133        131.66522              0.0       1080.70018   6.5389825E-6  -5.3935740E-7
2015-05-01T00:00:00    65     1           15.5         1961.5       1534.29803              0.0              0.0              0.0              0.0        278.75538              0.0       1255.54265  5.0476956E-11  3.2899055E-12
2015-05-16T12:00:00    65     2           15.5         1977.0       1529.29958              0.0              0.0              0.0        0.4323223        277.27365              0.0       1252.45826   7.1651039E-7  -4.6838951E-8
2015-06-01T00:00:00    66     1           15.0         1992.0       2046.61051              0.0              0.0              0.0              0.0        552.79331              0.0       1493.81721  2.5625013E-10 -1.2520708E-11
2015-06-16T00:00:00    66     2           15.0         2007.0       2039.84782              0.0              0.0              0.0              0.0        550.03089              0.0       1489.81693   7.9591473E-8  -3.9018339E-9
2015-07-01T00:00:00    67     1           15.5         2022.5       2551.13351              0.0              0.0              0.0              0.0        824.61501              0.0       1726.51850  1.9554136E-10 -7.6648815E-12
2015-07-16T12:00:00    67     2           15.5         2038.0       2542.19337              0.0              0.0              0.0              0.0        820.83859              0.0       1721.35479   2.1259893E-8 -8.3628152E-10
2015-08-01T00:00:00    68     1           15.5         2053.5       2902.60584              0.0              0.0              0.0              0.0       1016.38822              0.0       1886.21763  9.5042196E-11 -3.2743749E-12
2015-08-16T12:00:00    68     2           15.5         2069.0       2892.30203              0.0              0.0              0.0              0.0       1011.96417              0.0       1880.33786   3.0443061E-8  -1.0525547E-9
2015-09-01T00:00:00    69     1           15.0         2084.0       3024.86380              0.0              0.0              0.0              0.0       1085.09376              0.0       1939.77004  1.9281288E-10 -6.3742664E-12
2015-09-16T00:00:00    69     2           15.0         2099.0       3014.47739              0.0              0.0              0.0              0.0       1080.61015              0.0       1933.86724   3.4726781E-8  -1.1520001E-9
2015-10-01T00:00:00    70     1           15.5         2114.5       2861.54739        0.0506301              0.0              0.0              0.0        998.69935              0.0       1862.79741  2.5102054E-10 -8.7721957E-12
2015-10-16T12:00:00    70     2           15.5         2130.0       2851.53229              0.0              0.0              0.0              0.0        994.42027              0.0       1857.11202   3.0907358E-8  -1.0838860E-9
2015-11-01T00:00:00    71     1           15.0         2145.0       2472.99593        0.1410079              0.0              0.0              0.0        791.11533              0.0       1681.73959  3.1377567E-11  1.2688079E-12
2015-11-16T00:00:00    71     2           15.0         2160.0       2464.80226              0.0              0.0              0.0              0.0        787.71505              0.0       1677.08721   1.3283307E-7  -5.3891977E-9
2015-12-01T00:00:00    72     1           15.5         2175.5       1938.89286        0.1977828              0.0              0.0              0.0        506.99370              0.0       1431.70137  8.2309271E-11 -4.2451686E-12
2015-12-16T12:00:00    72     2           15.5         2191.0       1932.49229              0.0              0.0              0.0              0.0        504.46714              0.0       1428.02515   1.1914588E-6  -6.1653998E-8
2016-01-01T00:00:00    73     1           15.5         2206.5       1404.85789        0.2058628              0.0              0.0       13.0534819        237.39337              0.0       1180.31214  2.0236257E-11 -1.4271877E-12
2016-01-16T12:00:00    73     2           15.5         2222.0       1400.45692              0.0              0.0              0.0       13.4282317        236.17500              0.0       1177.71016   6.8977374E-7  -4.8785698E-8
2016-02-01T00:00:00    74     1           14.5         2236.5       1019.67484        0.1631510              0.0              0.0       74.0756267       95.3515008              0.0        998.23581  1.5256774E-10 -1.3949044E-11
2016-02-15T12:00:00    74     2           14.5         2251.0       1016.87383              0.0              0.0              0.0       74.4957944       94.8775888              0.0        996.49204   5.8860178E-6  -5.3932395E-7
2016-03-01T00:00:00    75     1           15.5         2266.5        875.15683        7.9175682              0.0              0.0        114.73410       56.3872516              0.0        925.58611  4.0006398E-10  4.0414956E-11
2016-03-16T12:00:00    75     2           15.5         2282.0        871.67510        6.8061626              0.0              0.0        115.08445       55.9835211              0.0        923.96987   4.7706309E-6  -4.8346437E-7
2016-04-01T00:00:00    76     1           15.0         2297.0       1009.24710              0.0              0.0              0.0       75.6733205       93.5384456              0.0        991.38198  8.7607077E-10 -8.0749772E-11
2016-04-16T00:00:00    76     2           15.0         2312.0       1006.35183              0.0              0.0              0.0       76.1553420       93.0019259              0.0        989.50525   5.6045856E-6  -5.1774119E-7
2016-05-01T00:00:00    77     1           15.5         2327.5       1380.28364              0.0              0.0              0.0       15.0471625        230.77421              0.0       1164.55659  4.3428372E-11 -3.1124069E-12
2016-05-16T12:00:00    77     2           15.5         2343.0       1375.85487              0.0              0.0              0.0       15.4581573        229.45136              0.0       1161.86166   5.9991089E-7  -4.3118326E-8
2016-06-01T00:00:00    78     1           15.0         2358.0       1893.43928              0.0              0.0              0.0              0.0        490.02393              0.0       1403.41534  2.2350832E-10 -1.1804357E-11
2016-06-16T00:00:00    78     2           15.0         2373.0       1887.22951              0.0              0.0              0.0              0.0        487.43698              0.0       1399.79253   1.0191645E-6  -5.4003211E-8
2016-07-01T00:00:00    79     1           15.5         2388.5       2398.90269              0.0              0.0              0.0              0.0        762.08881              0.0       1636.81388  4.5474735E-11  1.8956473E-12
2016-07-16T12:00:00    79     2           15.5         2404.0       2390.53814              0.0              0.0              0.0              0.0        758.49492              0.0       1632.04322   1.2112150E-7  -5.0667044E-9
2016-08-01T00:00:00    80     1           15.5         2419.5       2751.47617              0.0              0.0              0.0              0.0        954.13352              0.0       1797.34264  4.7293724E-11 -1.7188491E-12
2016-08-16T12:00:00    80     2           15.5         2435.0       2741.74805              0.0              0.0              0.0              0.0        949.89243              0.0       1791.85562   2.7615897E-8  -1.0072369E-9
2016-09-01T00:00:00    81     1           15.0         2450.0       2874.87233              0.0              0.0              0.0              0.0       1023.16004              0.0       1851.71229  2.5738700E-10 -8.9529889E-12
2016-09-16T00:00:00    81     2           15.0         2465.0       2865.03939              0.0              0.0              0.0              0.0       1018.85280              0.0       1846.18659   3.1170657E-8  -1.0879661E-9
2016-10-01T00:00:00    82     1           15.5         2480.5       2712.66807        0.0508699              0.0              0.0              0.0        937.16141              0.0       1775.45579  2.2009772E-10 -8.1136988E-12
2016-10-16T12:00:00    82     2           15.5         2496.0       2703.21656              0.0              0.0              0.0              0.0        933.06277              0.0       1770.15378   2.7774149E-8  -1.0274482E-9
2016-11-01T00:00:00    83     1           15.0         2511.0       2325.25166        0.1415129              0.0              0.0              0.0        730.01922              0.0       1595.09093  1.9736035E-10 -8.4876985E-12
2016-11-16T00:00:00    83     2           15.0         2526.0       2317.59202              0.0              0.0              0.0              0.0        726.79078              0.0       1590.80124   1.1692555E-7  -5.0451308E-9
2016-12-01T00:00:00    84     1           15.5         2541.5       1792.37182        0.1983923              0.0              0.0              0.0        446.34752              0.0       1345.82590  3.1786840E-10 -1.7734512E-11
2016-12-16T12:00:00    84     2           15.5         2557.0       1786.50956              0.0              0.0              0.0              0.0        443.99506              0.0       1342.51450   1.0414367E-6  -5.8294493E-8
2017-01-01T00:00:00    85     1           15.5         2572.5       1259.62366        0.2064377              0.0              0.0       27.5025106        191.62365              0.0       1095.29608  1.5461410E-10 -1.2012350E-11
2017-01-16T12:00:00    85     2           15.5         2588.0       1255.74825              0.0              0.0              0.0       27.8396059        190.53835              0.0       1093.04951   5.8001729E-7  -4.5187190E-8
2017-02-01T00:00:00    86     1           14.0         2602.0        875.71576        0.1694628              0.0              0.0        103.15745       64.6156045              0.0        914.08814  1.5438673E-10  1.5771882E-11
2017-02-15T00:00:00    86     2           14.0         2616.0        873.47385              0.0              0.0              0.0        103.49098       64.2424991              0.0        912.72233   4.9384225E-6  -5.0548622E-7
2017-03-01T00:00:00    87     1           15.5         2631.5        752.79993       28.3742053              0.0              0.0        157.82733       40.0335754              0.0        842.21948  2.2907898E-10  2.5156174E-11
2017-03-16T12:00:00    87     2           15.5         2647.0        749.36524       26.8013087              0.0              0.0        158.25381       39.8728762              0.0        840.94486   4.3048851E-6  -4.7430529E-7
2017-04-01T00:00:00    88     1           15.0         2662.0        867.36020              0.0              0.0              0.0        104.44020       63.1712226              0.0        908.62918  8.5276497E-10 -8.7751041E-11
2017-04-16T00:00:00    88     2           15.0         2677.0        864.95495              0.0              0.0              0.0        104.84807       62.7216074              0.0        907.08142   4.8537999E-6  -5.0049337E-7
2017-05-01T00:00:00    89     1           15.5         2692.5       1239.22331              0.0              0.0              0.0       29.1927635        186.06907              0.0       1082.34700  7.1850081E-11 -5.6645515E-12
2017-05-16T12:00:00    89     2           15.5         2708.0       1235.30107              0.0              0.0              0.0       29.5667055        184.87589              0.0       1079.99189   8.2903987E-6  -6.5543599E-7
2017-06-01T00:00:00    90     1           15.0         2723.0       1753.19007              0.0              0.0              0.0              0.0        431.42689              0.0       1321.76318  3.9972292E-10 -2.2799748E-11
2017-06-16T00:00:00    90     2           15.0         2738.0       1747.47277              0.0              0.0              0.0              0.0        429.00218              0.0       1318.47059   8.8556135E-7  -5.0676689E-8
2017-07-01T00:00:00    91     1           15.5         2753.5       2259.55310              0.0              0.0              0.0              0.0        703.72969              0.0       1555.82341  5.6843419E-11 -2.5156930E-12
2017-07-16T12:00:00    91     2           15.5         2769.0       2251.70006              0.0              0.0              0.0              0.0        700.30471              0.0       1551.39535   1.0726308E-7  -4.7636485E-9
2017-08-01T00:00:00    92     1           15.5         2784.5       2613.15498              0.0              0.0              0.0              0.0        896.03475              0.0       1717.12023  2.3146640E-10 -8.8577372E-12
2017-08-16T12:00:00    92     2           15.5         2800.0       2603.93759              0.0              0.0              0.0              0.0        891.96259              0.0       1711.97500   2.4858309E-8 -9.5464305E-10
2017-09-01T00:00:00    93     1           15.0         2815.0       2737.58163              0.0              0.0              0.0              0.0        965.36111              0.0       1772.22053  2.6284397E-10 -9.6013198E-12
2017-09-16T00:00:00    93     2           15.0         2830.0       2728.23982              0.0              0.0              0.0              0.0        961.21675              0.0       1767.02307   2.8070190E-8  -1.0288754E-9
2017-10-01T00:00:00    94     1           15.5         2845.5       2576.34438        0.0510997              0.0              0.0              0.0        879.72474              0.0       1696.56854  4.2746251E-11 -1.6591823E-12
2017-10-16T12:00:00    94     2           15.5         2861.0       2567.39358              0.0              0.0              0.0              0.0        875.79291              0.0       1691.60067   2.4756901E-8 -9.6428147E-10
2017-11-01T00:00:00    95     1           15.0         2876.0       2189.88999        0.1419920              0.0              0.0              0.0        672.98272              0.0       1516.76528  3.1468517E-10 -1.4369908E-11
2017-11-16T00:00:00    95     2           15.0         2891.0       2182.70566              0.0              0.0              0.0              0.0        669.91336              0.0       1512.79230   1.0372014E-7  -4.7519069E-9
2017-12-01T00:00:00    96     1           15.5         2906.5       1658.04191        0.1989700              0.0              0.0              0.0        389.71620              0.0       1268.12674  2.2055247E-10 -1.3301984E-11
2017-12-16T12:00:00    96     2           15.5         2922.0       1652.65983              0.0              0.0              0.0              0.0        387.52518              0.0       1265.13466   9.0819799E-7  -5.4953716E-8
2018-01-01T00:00:00    97     1           15.5         2937.5       1126.39040        0.2069833              0.0              0.0       41.0655637        148.94050              0.0       1018.30848  6.4346750E-11 -5.5117068E-12
2018-01-16T12:00:00    97     2           15.5         2953.0       1122.98430              0.0              0.0              0.0       41.3669880        147.97815              0.0       1016.37315   8.1108160E-6  -6.9659527E-7
2018-02-01T00:00:00    98     1           14.0         2967.0        753.51900       10.1885770              0.0              0.0        139.08228       44.6320699              0.0        837.78063  1.5234036E-10 -1.7067011E-11
2018-02-15T00:00:00    98     2           14.0         2981.0        750.46839        8.7932507              0.0              0.0        139.49750       44.4803270              0.0        836.69232   4.4701376E-6  -5.0228190E-7
2018-03-01T00:00:00    99     1           15.5         2996.5        639.64408       46.5051172              0.0              0.0        199.04550       25.6503989              0.0        766.53407  6.1811534E-10  7.3700133E-11
2018-03-16T12:00:00    99     2           15.5         3012.0        636.58090       44.8476167              0.0              0.0        199.35928       25.5323314              0.0        765.56024   4.1236692E-6  -4.9329716E-7
2018-04-01T00:00:00   100     1           15.0         3027.0        741.26391        4.3458394              0.0              0.0        140.63559       44.0595239              0.0        833.49414  9.1426955E-10 -1.0367049E-10
2018-04-16T00:00:00   100     2           15.0         3042.0        738.38763        3.4352510              0.0              0.0        141.15528       43.8716836              0.0        832.23597   4.4246301E-6  -5.0306018E-7
2018-05-01T00:00:00   101     1           15.5         3057.5       1109.55684              0.0              0.0              0.0       42.4828890        144.32370              0.0       1007.71603  1.5461410E-10 -1.3420900E-11
2018-05-16T12:00:00   101     2           15.5         3073.0       1106.08884              0.0              0.0              0.0       42.8217512        143.25059              0.0       1005.66001   7.1527925E-6  -6.2257172E-7
2018-06-01T00:00:00   102     1           15.0         3088.0       1624.29899              0.0              0.0              0.0              0.0        376.63779              0.0       1247.66120  4.4565240E-10 -2.7436599E-11
2018-06-16T00:00:00   102     2           15.0         3103.0       1619.02300              0.0              0.0              0.0              0.0        374.36395              0.0       1244.65905   7.6709193E-7  -4.7379928E-8
2018-07-01T00:00:00   103     1           15.5         3118.5       2131.51913              0.0              0.0              0.0              0.0        649.17202              0.0       1482.34711  1.0686563E-10 -5.0135899E-12
2018-07-16T12:00:00   103     2           15.5         3134.0       2124.12330              0.0              0.0              0.0              0.0        645.90363              0.0       1478.21968   9.5132236E-8  -4.4786588E-9
2018-08-01T00:00:00   104     1           15.5         3149.5       2486.07879              0.0              0.0              0.0              0.0        841.72485              0.0       1644.35394  2.3919711E-10 -9.6214612E-12
2018-08-16T12:00:00   104     2           15.5         3165.0       2477.31946              0.0              0.0              0.0              0.0        837.81014              0.0       1639.50931   2.2238964E-8 -8.9770273E-10
2018-09-01T00:00:00   105     1           15.0         3180.0       2611.44456              0.0              0.0              0.0              0.0        911.33280              0.0       1700.11176  6.1845640E-11 -2.3682540E-12
2018-09-16T00:00:00   105     2           15.0         3195.0       2602.54247              0.0              0.0              0.0              0.0        907.33983              0.0       1695.20264   2.5439476E-8 -9.7748554E-10
2018-10-01T00:00:00   106     1           15.5         3210.5       2451.05791        0.0513187              0.0              0.0              0.0        826.03074              0.0       1624.97585  1.3096724E-10 -5.3432943E-12
2018-10-16T12:00:00   106     2           15.5         3226.0       2442.55584              0.0              0.0              0.0              0.0        822.25402              0.0       1620.30182   2.2304903E-8 -9.1317883E-10
2018-11-01T00:00:00   107     1           15.0         3241.0       2065.43008        0.1424448              0.0              0.0              0.0        619.65488              0.0       1445.63275  1.5279511E-10 -7.3977382E-12
2018-11-16T00:00:00   107     2           15.0         3256.0       2058.67238              0.0              0.0              0.0              0.0        616.73360              0.0       1441.93878   9.2065420E-8  -4.4720773E-9
2018-12-01T00:00:00   108     1           15.5         3271.5       1534.46401        0.1995155              0.0              0.0              0.0        336.75734              0.0       1197.50716  2.1827873E-10 -1.4225080E-11
2018-12-16T12:00:00   108     2           15.5         3287.0       1529.51371              0.0              0.0              0.0              0.0        334.71679              0.0       1194.79691   7.8958738E-7  -5.1623426E-8
2019-01-01T00:00:00   109     1           15.5         3302.5       1003.75817        0.2074992              0.0              0.0       53.8038624        109.07076              0.0        948.28378  2.0622792E-10 -1.9500315E-11
2019-01-16T12:00:00   109     2           15.5         3318.0       1000.77484              0.0              0.0              0.0       54.0714806        108.22265              0.0        946.62368   7.0450103E-6  -6.6787077E-7
2019-02-01T00:00:00   110     1           14.0         3332.0        648.08502       26.4976474              0.0              0.0        177.89938       31.1489851              0.0        768.33777  3.6675374E-10  4.4402017E-11
2019-02-15T00:00:00   110     2           14.0         3346.0        645.35210       25.0437241              0.0              0.0        178.21849       31.0330594              0.0        767.49383   3.2123696E-5  -3.9005395E-6
2019-03-01T00:00:00   111     1           15.5         3361.5        534.80423       62.5810697              0.0              0.0        237.65470       12.2456820              0.0        697.63218  3.7130121E-10  4.8067437E-11
2019-03-16T12:00:00   111     2           15.5         3377.0        532.09191       60.8622881              0.0              0.0        237.86286       12.1669437              0.0        696.92557   2.6478130E-5  -3.4389201E-6
2019-04-01T00:00:00   112     1           15.0         3392.0        637.17047       20.3951838              0.0              0.0        179.04200       30.7292582              0.0        765.08802   1.0145413E-9 -1.2429868E-10
2019-04-16T00:00:00   112     2           15.0         3407.0        634.32149       19.1150032              0.0              0.0        179.45946       30.5794084              0.0        764.08654   4.2486020E-6  -5.2208177E-7
2019-05-01T00:00:00   113     1           15.5         3422.5        990.14073              0.0              0.0              0.0       55.0476158        105.41101              0.0        939.77733  1.0913936E-10 -1.0442076E-11
2019-05-16T12:00:00   113     2           15.5         3438.0        987.08280              0.0              0.0              0.0       55.6653706        104.76180              0.0        937.98638   6.1944638E-6  -5.9405175E-7
2019-06-01T00:00:00   114     1           15.0         3453.0       1505.61933              0.0              0.0              0.0              0.0        325.39769              0.0       1180.22164  1.8508217E-10 -1.2292760E-11
2019-06-16T00:00:00   114     2           15.0         3468.0       1500.74150              0.0              0.0              0.0              0.0        323.26477              0.0       1177.47673   6.6248390E-7  -4.4143772E-8
2019-07-01T00:00:00   115     1           15.5         3483.5       2013.65033              0.0              0.0              0.0              0.0        598.15470              0.0       1415.49564  3.1468517E-10 -1.5627597E-11
2019-07-16T12:00:00   115     2           15.5         3499.0       2006.66681              0.0              0.0              0.0              0.0        595.03253              0.0       1411.63428   8.4427484E-8  -4.2073494E-9
2019-08-01T00:00:00   116     1           15.5         3514.5       2369.10334              0.0              0.0              0.0              0.0        790.94396              0.0       1578.15938  3.6379788E-12  1.5355931E-13
2019-08-16T12:00:00   116     2           15.5         3530.0       2360.75593              0.0              0.0              0.0              0.0        787.17569              0.0       1573.58023   1.2677629E-7  -5.3701564E-9
2019-09-01T00:00:00   117     1           15.0         3545.0       2495.32632              0.0              0.0              0.0              0.0        860.81591              0.0       1634.51041  2.9740477E-10 -1.1918472E-11
2019-09-16T00:00:00   117     2           15.0         3560.0       2486.82068              0.0              0.0              0.0              0.0        856.96430              0.0       1629.85638   2.3076609E-8 -9.2795630E-10
2019-10-01T00:00:00   118     1           15.5         3575.5       2335.69539        0.0515259              0.0              0.0              0.0        775.82443              0.0       1559.81943  1.6189006E-10 -6.9311289E-12
2019-10-16T12:00:00   118     2           15.5         3591.0       2327.59826              0.0              0.0              0.0              0.0        772.19262              0.0       1555.40564   1.2627379E-7  -5.4250681E-9
2019-11-01T00:00:00   119     1           15.0         3606.0       1950.78699        0.1428707              0.0              0.0              0.0        569.78665              0.0       1380.85747  5.0249582E-10 -2.5758621E-11
2019-11-16T00:00:00   119     2           15.0         3621.0       1944.41347              0.0              0.0              0.0              0.0        567.00367              0.0       1377.40980   1.2008773E-6  -6.1760385E-8
2019-12-01T00:00:00   120     1           15.5         3636.5       1420.58467        0.2000287              0.0              0.0              0.0        287.22854              0.0       1133.15610  1.0891199E-10 -7.6667018E-12
2019-12-16T12:00:00   120     2           15.5         3652.0       1416.02500              0.0              0.0              0.0              0.0        285.32879              0.0       1130.69621   6.8488907E-7  -4.8367019E-8
