SP TS  5  10  ITER 1  DELT 10.0  (NROW,NCOL,NLAY) = (4, 4, 3)   ERROR 3.1616279E-11 %  FORMAT "(*(ES12.5, :, 1x))"     LAY 1
 2.00000E+01  2.00989E+01  2.01990E+01  2.03000E+01
 2.00000E+01  2.00975E+01  2.01981E+01  2.03000E+01
 2.00000E+01  2.00956E+01  2.01949E+01  2.03000E+01
 2.00000E+01  2.00980E+01  2.01979E+01  2.03000E+01
LAY 2
 2.00000E+01  2.00989E+01  2.01990E+01  2.03000E+01
 2.00000E+01  2.00978E+01  2.01981E+01  2.03000E+01
 2.00000E+01  2.00962E+01  2.01958E+01  2.03000E+01
 2.00000E+01  2.00980E+01  2.01979E+01  2.03000E+01
LAY 3
 2.00000E+01  2.00989E+01  2.01990E+01  2.03000E+01
 2.00000E+01  2.00979E+01  2.01981E+01  2.03000E+01
 2.00000E+01  2.00965E+01  2.01962E+01  2.03000E+01
 2.00000E+01  2.00980E+01  2.01979E+01  2.03000E+01
