         DATE_START   PER   STP           DELT        SIMTIME       STORAGE_IN      STORAGE_OUT           CHD_IN          CHD_OUT           RCH_IN          RCH_OUT         PIPES_IN        PIPES_OUT         IN_OUT  PERCENT_ERROR
  NaN                   1     1          100.0          100.0              0.0              0.0       1250.33381       1172.82833              2.1              0.0              0.0       79.6054730   5.1007337E-6   4.0726573E-7
  NaN                   2     1           10.0          110.0     2.7877020E-7              0.0       1251.00384       1172.09988              0.7              0.0              0.0       79.6039507   1.5577571E-6   1.2445093E-7
  NaN                   2     2           10.0          120.0    4.4723340E-14    5.1856436E-13       1251.00383       1172.09988              0.7              0.0              0.0       79.6039507   1.0708500E-6   8.5551386E-8
  NaN                   2     3           10.0          130.0    2.4479984E-13    1.3627554E-14       1251.00383       1172.09988              0.7              0.0              0.0       79.6039506   1.0806161E-7   8.6331615E-9
  NaN                   2     4           10.0          140.0    1.5565240E-14    1.0005061E-13       1251.00383       1172.09988              0.7              0.0              0.0       79.6039506   3.1132936E-7   2.4872446E-8
  NaN                   2     5           10.0          150.0    6.3784047E-14    2.0179171E-15       1251.00383       1172.09988              0.7              0.0              0.0       79.6039506   3.5995527E-9  2.8757223E-10
  NaN                   2     6           10.0          160.0    5.2449364E-15    2.1928639E-14       1251.00383       1172.09988              0.7              0.0              0.0       79.6039506   7.9079200E-8   6.3177245E-9
  NaN                   2     7           10.0          170.0    1.5512331E-14    3.3219955E-16       1251.00383       1172.09988              0.7              0.0              0.0       79.6039506   1.6511876E-9  1.3191520E-10
  NaN                   2     8           10.0          180.0    1.4055597E-15    4.9144716E-15       1251.00383       1172.09988              0.7              0.0              0.0       79.6039506   1.9024583E-8   1.5198949E-9
  NaN                   2     9           10.0          190.0    3.6611339E-15    6.2450045E-17       1251.00383       1172.09988              0.7              0.0              0.0       79.6039506  6.6484063E-10  5.3114851E-11
  NaN                   2    10           10.0          200.0    3.4607733E-16    1.1149935E-15       1251.00383       1172.09988              0.7              0.0              0.0       79.6039506   4.4653916E-9  3.5674506E-10
  NaN                   3     1           10.0          210.0              0.0     1.3938417E-7       1250.66883       1172.46411              1.4              0.0              0.0       79.6047195   2.9267244E-7   2.3375108E-8
  NaN                   3     2           10.0          220.0    2.2571875E-13    5.0852725E-13       1250.66882       1172.46410              1.4              0.0              0.0       79.6047195   9.9292220E-7   7.9302525E-8
  NaN                   3     3           10.0          230.0    3.3475870E-13    1.6361912E-14       1250.66882       1172.46410              1.4              0.0              0.0       79.6047195   5.8753267E-7   4.6924950E-8
  NaN                   3     4           10.0          240.0    1.5068675E-14    1.4785742E-13       1250.66882       1172.46410              1.4              0.0              0.0       79.6047195   8.7180752E-8   6.9629360E-9
  NaN                   3     5           10.0          250.0    6.5516169E-14    9.1450285E-15       1250.66882       1172.46410              1.4              0.0              0.0       79.6047195   1.9168829E-7   1.5309724E-8
  NaN                   3     6           10.0          260.0    1.5946446E-15    4.0095097E-14       1250.66882       1172.46410              1.4              0.0              0.0       79.6047195   4.3844466E-9  3.5017616E-10
  NaN                   3     7           10.0          270.0    1.4291953E-14    3.2118405E-15       1250.66882       1172.46410              1.4              0.0              0.0       79.6047195   5.0357357E-8   4.0219321E-9
  NaN                   3     8           10.0          280.0    2.3071822E-16    9.9590475E-15       1250.66882       1172.46410              1.4              0.0              0.0       79.6047195  7.7238838E-10  6.1688971E-11
  NaN                   3     9           10.0          290.0    3.2114068E-15    8.8644370E-16       1250.66882       1172.46410              1.4              0.0              0.0       79.6047195   1.2258170E-8  9.7903321E-10
  NaN                   3    10           10.0          300.0    4.1199683E-17    2.3696323E-15       1250.66882       1172.46410              1.4              0.0              0.0       79.6047195  3.7721293E-10  3.0127172E-11
  NaN                   4     1           10.0          310.0              0.0     1.3938660E-7       1250.33381       1172.82833              2.1              0.0              0.0       79.6054731   2.9400076E-7   2.3474355E-8
  NaN                   4     2           10.0          320.0    2.2596291E-13    5.0916823E-13       1250.33380       1172.82833              2.1              0.0              0.0       79.6054731   9.9358545E-7   7.9332372E-8
  NaN                   4     3           10.0          330.0    3.3510738E-13    1.6403545E-14       1250.33381       1172.82833              2.1              0.0              0.0       79.6054731   5.8838009E-7   4.6978937E-8
  NaN                   4     4           10.0          340.0    1.5081252E-14    1.4804477E-13       1250.33380       1172.82833              2.1              0.0              0.0       79.6054731   8.7235776E-8   6.9653003E-9
  NaN                   4     5           10.0          350.0    6.5590762E-14    9.1606410E-15       1250.33381       1172.82833              2.1              0.0              0.0       79.6054731   1.9193385E-7   1.5324870E-8
  NaN                   4     6           10.0          360.0    1.5959456E-15    4.0146705E-14       1250.33381       1172.82833              2.1              0.0              0.0       79.6054731   4.3985438E-9  3.5119970E-10
  NaN                   4     7           10.0          370.0    1.4312336E-14    3.2170447E-15       1250.33381       1172.82833              2.1              0.0              0.0       79.6054731   5.0422614E-8   4.0259703E-9
  NaN                   4     8           10.0          380.0    2.3115190E-16    9.9677211E-15       1250.33381       1172.82833              2.1              0.0              0.0       79.6054731  7.9148776E-10  6.3195976E-11
  NaN                   4     9           10.0          390.0    3.2131416E-15    8.8861210E-16       1250.33381       1172.82833              2.1              0.0              0.0       79.6054731   1.2276359E-8  9.8020027E-10
  NaN                   4    10           10.0          400.0    4.0766002E-17    2.3674639E-15       1250.33381       1172.82833              2.1              0.0              0.0       79.6054731  4.0017767E-10  3.1952002E-11
  NaN                   5     1           10.0          410.0     1.3938660E-7              0.0       1250.66882       1172.46410              1.4              0.0              0.0       79.6047195   2.9271632E-7   2.3378613E-8
  NaN                   5     2           10.0          420.0    5.0860791E-13    2.2575431E-13       1250.66883       1172.46410              1.4              0.0              0.0       79.6047195   9.9309477E-7   7.9316309E-8
  NaN                   5     3           10.0          430.0    1.6362779E-14    3.3481291E-13       1250.66882       1172.46410              1.4              0.0              0.0       79.6047195   5.8761884E-7   4.6931832E-8
  NaN                   5     4           10.0          440.0    1.4788257E-13    1.5070844E-14       1250.66882       1172.46410              1.4              0.0              0.0       79.6047195   8.7210537E-8   6.9653150E-9
  NaN                   5     5           10.0          450.0    9.1467632E-15    6.5528312E-14       1250.66882       1172.46410              1.4              0.0              0.0       79.6047195   1.9171580E-7   1.5311922E-8
  NaN                   5     6           10.0          460.0    4.0103771E-14    1.5955119E-15       1250.66882       1172.46410              1.4              0.0              0.0       79.6047195   4.4008175E-9  3.5148367E-10
  NaN                   5     7           10.0          470.0    3.2122742E-15    1.4298458E-14       1250.66882       1172.46410              1.4              0.0              0.0       79.6047195   5.0379413E-8   4.0236936E-9
  NaN                   5     8           10.0          480.0    9.9607822E-15    2.3158558E-16       1250.66882       1172.46410              1.4              0.0              0.0       79.6047195  7.7307050E-10  6.1743451E-11
  NaN                   5     9           10.0          490.0    8.8687738E-16    3.2096721E-15       1250.66882       1172.46410              1.4              0.0              0.0       79.6047195   1.2255214E-8  9.7879713E-10
  NaN                   5    10           10.0          500.0    2.3652955E-15    4.1633363E-17       1250.66882       1172.46410              1.4              0.0              0.0       79.6047195  3.9585757E-10  3.1616279E-11
