 1  1  5  6  5000
 2  1  8  6  5000
 3  1  8  9  5000
 4  1  5  9  3000
 5  1  6 10  2000
 6  1  7 11  1000
 7  1 18  3  2000
 8  1 21  3  4000
 9  1 18 19  3000
10  1 21 19  5000
MNW2_WELL1  1  6  2 -11 5000   
MNW2_WELL2  1  8  2 -12 5000   
MNW2_WELL3  1 10  2 -13 5000   
MNW2_WELL4  3  3 19 -14 2000   
MNW2_WELL5  3  6 17 -15 14000  
Temporal Input
1  1  1  2  2  2  3  3  4  4  5  5  5  6  6
1  1  1  2  2  2  3  3  4  4  5  5  5  6  6
1  1  1  2  2  2  3  3  4  4  5  5  5  6  6
1  1  1  2  2  2  3  3  4  4  5  5  5  6  6
1  1  1  2  2  2  3  3  4  4  5  5  5  6  6
1  1  1  2  2  2  3  3  4  4  5  5  5  6  6
1  1  1  2  2  2  3  3  4  4  5  5  5  6  6
1  1  1  2  2  2  3  3  4  4  5  5  5  6  6
1  1  1  2  2  2  3  3  4  4  5  5  5  6  6
1  1  1  2  2  2  3  3  4  4  5  5  5  6  6
1  1  1  2  2  2  3  3  4  4  5  5  5  6  6
1  1  1  2  2  2  3  3  4  4  5  5  5  6  6
1  1  1  2  2  2  3  3  4  4  5  5  5  6  6
1  1  1  2  2  2  3  3  4  4  5  5  5  6  6
1  1  1  2  2  2  3  3  4  4  5  5  5  6  6
1  1  1  2  2  2  3  3  4  4  5  5  5  6  6
1  1  1  2  2  2  3  3  4  4  5  5  5  6  6
1  1  1  2  2  2  3  3  4  4  5  5  5  6  6
1  1  1  2  2  2  3  3  4  4  5  5  5  6  6
1  1  1  2  2  2  3  3  4  4  5  5  5  6  6
1  1  1  2  2  2  3  3  4  4  5  5  5  6  6
1  1  1  2  2  2  3  3  4  4  5  5  5  6  6
1  1  1  2  2  2  3  3  4  4  5  5  5  6  6
1  1  1  2  2  2  3  3  4  4  5  5  5  6  6
1  1  1  2  2  2  3  3  4  4  5  5  5  6  6
1  1  1  2  2  2  3  3  4  4  5  5  5  6  6
1  1  1  2  2  2  3  3  4  4  5  5  5  6  6
1  1  1  2  2  2  3  3  4  4  5  5  5  6  6
1  1  1  2  2  2  3  3  4  4  5  5  5  6  6
1  1  1  2  2  2  3  3  4  4  5  5  5  6  6
1  1  1  2  2  2  3  3  4  4  5  5  5  6  6
1  1  1  2  2  2  3  3  4  4  5  5  5  6  6
1  1  1  2  2  2  3  3  4  4  5  5  5  6  6
1  1  1  2  2  2  3  3  4  4  5  5  5  6  6
1  1  1  2  2  2  3  3  4  4  5  5  5  6  6
1  1  1  2  2  2  3  3  4  4  5  5  5  6  6
1  1  1  2  2  2  3  3  4  4  5  5  5  6  6
1  1  1  2  2  2  3  3  4  4  5  5  5  6  6
1  1  1  2  2  2  3  3  4  4  5  5  5  6  6
1  1  1  2  2  2  3  3  4  4  5  5  5  6  6
1  1  1  2  2  2  3  3  4  4  5  5  5  6  6
1  1  1  2  2  2  3  3  4  4  5  5  5  6  6
1  1  1  2  2  2  3  3  4  4  5  5  5  6  6
1  1  1  2  2  2  3  3  4  4  5  5  5  6  6
1  1  1  2  2  2  3  3  4  4  5  5  5  6  6
1  1  1  2  2  2  3  3  4  4  5  5  5  6  6
1  1  1  2  2  2  3  3  4  4  5  5  5  6  6
1  1  1  2  2  2  3  3  4  4  5  5  5  6  6
1  1  1  2  2  2  3  3  4  4  5  5  5  6  6
1  1  1  2  2  2  3  3  4  4  5  5  5  6  6
1  1  1  2  2  2  3  3  4  4  5  5  5  6  6
1  1  1  2  2  2  3  3  4  4  5  5  5  6  6
1  1  1  2  2  2  3  3  4  4  5  5  5  6  6
1  1  1  2  2  2  3  3  4  4  5  5  5  6  6
1  1  1  2  2  2  3  3  4  4  5  5  5  6  6
1  1  1  2  2  2  3  3  4  4  5  5  5  6  6
1  1  1  2  2  2  3  3  4  4  5  5  5  6  6
1  1  1  2  2  2  3  3  4  4  5  5  5  6  6
1  1  1  2  2  2  3  3  4  4  5  5  5  6  6
1  1  1  2  2  2  3  3  4  4  5  5  5  6  6
1  1  1  2  2  2  3  3  4  4  5  5  5  6  6
1  1  1  2  2  2  3  3  4  4  5  5  5  6  6
1  1  1  2  2  2  3  3  4  4  5  5  5  6  6
1  1  1  2  2  2  3  3  4  4  5  5  5  6  6
1  1  1  2  2  2  3  3  4  4  5  5  5  6  6
1  1  1  2  2  2  3  3  4  4  5  5  5  6  6
1  1  1  2  2  2  3  3  4  4  5  5  5  6  6
1  1  1  2  2  2  3  3  4  4  5  5  5  6  6
1  1  1  2  2  2  3  3  4  4  5  5  5  6  6
1  1  1  2  2  2  3  3  4  4  5  5  5  6  6
1  1  1  2  2  2  3  3  4  4  5  5  5  6  6
1  1  1  2  2  2  3  3  4  4  5  5  5  6  6
1  1  1  2  2  2  3  3  4  4  5  5  5  6  6
1  1  1  2  2  2  3  3  4  4  5  5  5  6  6
1  1  1  2  2  2  3  3  4  4  5  5  5  6  6
1  1  1  2  2  2  3  3  4  4  5  5  5  6  6
1  1  1  2  2  2  3  3  4  4  5  5  5  6  6
1  1  1  2  2  2  3  3  4  4  5  5  5  6  6
1  1  1  2  2  2  3  3  4  4  5  5  5  6  6
1  1  1  2  2  2  3  3  4  4  5  5  5  6  6
1  1  1  2  2  2  3  3  4  4  5  5  5  6  6
1  1  1  2  2  2  3  3  4  4  5  5  5  6  6
1  1  1  2  2  2  3  3  4  4  5  5  5  6  6
1  1  1  2  2  2  3  3  4  4  5  5  5  6  6
1  1  1  2  2  2  3  3  4  4  5  5  5  6  6
1  1  1  2  2  2  3  3  4  4  5  5  5  6  6
1  1  1  2  2  2  3  3  4  4  5  5  5  6  6
1  1  1  2  2  2  3  3  4  4  5  5  5  6  6
1  1  1  2  2  2  3  3  4  4  5  5  5  6  6
1  1  1  2  2  2  3  3  4  4  5  5  5  6  6
1  1  1  2  2  2  3  3  4  4  5  5  5  6  6
1  1  1  2  2  2  3  3  4  4  5  5  5  6  6
1  1  1  2  2  2  3  3  4  4  5  5  5  6  6
1  1  1  2  2  2  3  3  4  4  5  5  5  6  6
1  1  1  2  2  2  3  3  4  4  5  5  5  6  6
1  1  1  2  2  2  3  3  4  4  5  5  5  6  6
1  1  1  2  2  2  3  3  4  4  5  5  5  6  6
1  1  1  2  2  2  3  3  4  4  5  5  5  6  6
1  1  1  2  2  2  3  3  4  4  5  5  5  6  6
1  1  1  2  2  2  3  3  4  4  5  5  5  6  6
1  1  1  2  2  2  3  3  4  4  5  5  5  6  6
1  1  1  2  2  2  3  3  4  4  5  5  5  6  6
1  1  1  2  2  2  3  3  4  4  5  5  5  6  6
1  1  1  2  2  2  3  3  4  4  5  5  5  6  6
1  1  1  2  2  2  3  3  4  4  5  5  5  6  6
1  1  1  2  2  2  3  3  4  4  5  5  5  6  6
1  1  1  2  2  2  3  3  4  4  5  5  5  6  6
1  1  1  2  2  2  3  3  4  4  5  5  5  6  6
1  1  1  2  2  2  3  3  4  4  5  5  5  6  6
1  1  1  2  2  2  3  3  4  4  5  5  5  6  6
1  1  1  2  2  2  3  3  4  4  5  5  5  6  6
1  1  1  2  2  2  3  3  4  4  5  5  5  6  6
1  1  1  2  2  2  3  3  4  4  5  5  5  6  6
1  1  1  2  2  2  3  3  4  4  5  5  5  6  6
1  1  1  2  2  2  3  3  4  4  5  5  5  6  6
1  1  1  2  2  2  3  3  4  4  5  5  5  6  6
1  1  1  2  2  2  3  3  4  4  5  5  5  6  6
1  1  1  2  2  2  3  3  4  4  5  5  5  6  6
1  1  1  2  2  2  3  3  4  4  5  5  5  6  6
1  1  1  2  2  2  3  3  4  4  5  5  5  6  6
1  1  1  2  2  2  3  3  4  4  5  5  5  6  6
1  1  1  2  2  2  3  3  4  4  5  5  5  6  6
1  1  1  2  2  2  3  3  4  4  5  5  5  6  6
1  1  1  2  2  2  3  3  4  4  5  5  5  6  6
1  1  1  2  2  2  3  3  4  4  5  5  5  6  6
1  1  1  2  2  2  3  3  4  4  5  5  5  6  6
1  1  1  2  2  2  3  3  4  4  5  5  5  6  6
1  1  1  2  2  2  3  3  4  4  5  5  5  6  6
1  1  1  2  2  2  3  3  4  4  5  5  5  6  6
1  1  1  2  2  2  3  3  4  4  5  5  5  6  6
1  1  1  2  2  2  3  3  4  4  5  5  5  6  6
1  1  1  2  2  2  3  3  4  4  5  5  5  6  6
1  1  1  2  2  2  3  3  4  4  5  5  5  6  6
1  1  1  2  2  2  3  3  4  4  5  5  5  6  6
1  1  1  2  2  2  3  3  4  4  5  5  5  6  6
1  1  1  2  2  2  3  3  4  4  5  5  5  6  6
1  1  1  2  2  2  3  3  4  4  5  5  5  6  6
1  1  1  2  2  2  3  3  4  4  5  5  5  6  6
1  1  1  2  2  2  3  3  4  4  5  5  5  6  6
1  1  1  2  2  2  3  3  4  4  5  5  5  6  6
1  1  1  2  2  2  3  3  4  4  5  5  5  6  6
1  1  1  2  2  2  3  3  4  4  5  5  5  6  6
1  1  1  2  2  2  3  3  4  4  5  5  5  6  6
1  1  1  2  2  2  3  3  4  4  5  5  5  6  6
1  1  1  2  2  2  3  3  4  4  5  5  5  6  6
1  1  1  2  2  2  3  3  4  4  5  5  5  6  6
1  1  1  2  2  2  3  3  4  4  5  5  5  6  6
1  1  1  2  2  2  3  3  4  4  5  5  5  6  6
1  1  1  2  2  2  3  3  4  4  5  5  5  6  6
1  1  1  2  2  2  3  3  4  4  5  5  5  6  6
1  1  1  2  2  2  3  3  4  4  5  5  5  6  6
1  1  1  2  2  2  3  3  4  4  5  5  5  6  6
1  1  1  2  2  2  3  3  4  4  5  5  5  6  6
1  1  1  2  2  2  3  3  4  4  5  5  5  6  6
1  1  1  2  2  2  3  3  4  4  5  5  5  6  6
1  1  1  2  2  2  3  3  4  4  5  5  5  6  6
1  1  1  2  2  2  3  3  4  4  5  5  5  6  6
1  1  1  2  2  2  3  3  4  4  5  5  5  6  6
1  1  1  2  2  2  3  3  4  4  5  5  5  6  6
1  1  1  2  2  2  3  3  4  4  5  5  5  6  6
1  1  1  2  2  2  3  3  4  4  5  5  5  6  6
1  1  1  2  2  2  3  3  4  4  5  5  5  6  6
1  1  1  2  2  2  3  3  4  4  5  5  5  6  6
1  1  1  2  2  2  3  3  4  4  5  5  5  6  6
1  1  1  2  2  2  3  3  4  4  5  5  5  6  6
1  1  1  2  2  2  3  3  4  4  5  5  5  6  6
1  1  1  2  2  2  3  3  4  4  5  5  5  6  6
1  1  1  2  2  2  3  3  4  4  5  5  5  6  6
1  1  1  2  2  2  3  3  4  4  5  5  5  6  6
1  1  1  2  2  2  3  3  4  4  5  5  5  6  6


