SFAC 1.0
1 0.000
2 0.822
3 0.957
4 0.125
5 0.777
6 0.200
SFAC 1.0
1 0.000
2 0.822
3 0.957
4 0.125
5 0.777
6 0.200
SFAC 1.0
1 0.000
2 0.822
3 0.845
4 0.125
5 0.783
6 0.400
SFAC 1.0
1 0.221
2 0.860
3 0.000
4 0.125
5 0.835
6 0.600
SFAC 1.0
1 0.485
2 0.908
3 0.000
4 0.125
5 0.887
6 0.700
SFAC 1.0
1 0.846
2 0.940
3 0.000
4 0.125
5 0.924
6 0.800
SFAC 1.0
1 0.914
2 0.950
3 0.000
4 0.125
5 0.927
6 0.900
SFAC 1.0
1 0.000
2 0.950
3 0.000
4 0.125
5 0.927
6 0.900
SFAC 1.0
1 0.000
2 0.950
3 0.000
4 0.125
5 0.927
6 0.700
SFAC 1.0
1 0.000
2 0.950
3 0.661
4 0.125
5 0.927
6 0.500
SFAC 1.0
1 0.000
2 0.945
3 0.894
4 0.125
5 0.927
6 0.300
SFAC 1.0
1 0.000
2 0.000
3 0.954
4 0.125
5 0.927
6 0.200
SFAC 1.0
1 0.000
2 0.000
3 0.957
4 0.125
5 0.926
6 0.200
SFAC 1.0
1 0.000
2 0.822
3 0.957
4 0.125
5 0.777
6 0.200
SFAC 1.0
1 0.000
2 0.822
3 0.845
4 0.125
5 0.783
6 0.400
SFAC 1.0
1 0.221
2 0.860
3 0.000
4 0.125
5 0.835
6 0.600
SFAC 1.0
1 0.485
2 0.908
3 0.000
4 0.125
5 0.887
6 0.700
SFAC 1.0
1 0.846
2 0.940
3 0.000
4 0.125
5 0.924
6 0.800
SFAC 1.0
1 0.914
2 0.950
3 0.000
4 0.125
5 0.927
6 0.900
SFAC 1.0
1 0.000
2 0.950
3 0.000
4 0.125
5 0.927
6 0.900
SFAC 1.0
1 0.000
2 0.950
3 0.000
4 0.125
5 0.927
6 0.700
SFAC 1.0
1 0.000
2 0.950
3 0.661
4 0.125
5 0.927
6 0.500
SFAC 1.0
1 0.000
2 0.945
3 0.894
4 0.125
5 0.927
6 0.300
SFAC 1.0
1 0.000
2 0.000
3 0.954
4 0.125
5 0.927
6 0.200
SFAC 1.0
1 0.000
2 0.000
3 0.957
4 0.125
5 0.926
6 0.200
SFAC 1.0
1 0.000
2 0.822
3 0.957
4 0.125
5 0.777
6 0.200
SFAC 1.0
1 0.000
2 0.822
3 0.957
4 0.125
5 0.777
6 0.200
SFAC 1.0
1 0.000
2 0.822
3 0.845
4 0.125
5 0.783
6 0.400
SFAC 1.0
1 0.221
2 0.860
3 0.000
4 0.125
5 0.835
6 0.600
SFAC 1.0
1 0.485
2 0.908
3 0.000
4 0.125
5 0.887
6 0.700
SFAC 1.0
1 0.846
2 0.940
3 0.000
4 0.125
5 0.924
6 0.800
SFAC 1.0
1 0.914
2 0.950
3 0.000
4 0.125
5 0.927
6 0.900
SFAC 1.0
1 0.000
2 0.950
3 0.000
4 0.125
5 0.927
6 0.900
SFAC 1.0
1 0.000
2 0.950
3 0.000
4 0.125
5 0.927
6 0.700
SFAC 1.0
1 0.000
2 0.950
3 0.661
4 0.125
5 0.927
6 0.500
SFAC 1.0
1 0.000
2 0.945
3 0.894
4 0.125
5 0.927
6 0.300
SFAC 1.0
1 0.000
2 0.000
3 0.954
4 0.125
5 0.927
6 0.200
SFAC 1.0
1 0.000
2 0.000
3 0.957
4 0.125
5 0.926
6 0.200
SFAC 1.0
1 0.000
2 0.822
3 0.957
4 0.125
5 0.777
6 0.200
SFAC 1.0
1 0.000
2 0.822
3 0.845
4 0.125
5 0.783
6 0.400
SFAC 1.0
1 0.221
2 0.860
3 0.000
4 0.125
5 0.835
6 0.600
SFAC 1.0
1 0.485
2 0.908
3 0.000
4 0.125
5 0.887
6 0.700
SFAC 1.0
1 0.846
2 0.940
3 0.000
4 0.125
5 0.924
6 0.800
SFAC 1.0
1 0.914
2 0.950
3 0.000
4 0.125
5 0.927
6 0.900
SFAC 1.0
1 0.000
2 0.950
3 0.000
4 0.125
5 0.927
6 0.900
SFAC 1.0
1 0.000
2 0.950
3 0.000
4 0.125
5 0.927
6 0.700
SFAC 1.0
1 0.000
2 0.950
3 0.661
4 0.125
5 0.927
6 0.500
SFAC 1.0
1 0.000
2 0.945
3 0.894
4 0.125
5 0.927
6 0.300
SFAC 1.0
1 0.000
2 0.000
3 0.954
4 0.125
5 0.927
6 0.200
SFAC 1.0
1 0.000
2 0.000
3 0.957
4 0.125
5 0.926
6 0.200
SFAC 1.0
1 0.000
2 0.822
3 0.957
4 0.125
5 0.777
6 0.200
SFAC 1.0
1 0.000
2 0.822
3 0.957
4 0.125
5 0.777
6 0.200
SFAC 1.0
1 0.000
2 0.822
3 0.845
4 0.125
5 0.783
6 0.400
SFAC 1.0
1 0.221
2 0.860
3 0.000
4 0.125
5 0.835
6 0.600
SFAC 1.0
1 0.485
2 0.908
3 0.000
4 0.125
5 0.887
6 0.700
SFAC 1.0
1 0.846
2 0.940
3 0.000
4 0.125
5 0.924
6 0.800
SFAC 1.0
1 0.914
2 0.950
3 0.000
4 0.125
5 0.927
6 0.900
SFAC 1.0
1 0.000
2 0.950
3 0.000
4 0.125
5 0.927
6 0.900
SFAC 1.0
1 0.000
2 0.950
3 0.000
4 0.125
5 0.927
6 0.700
SFAC 1.0
1 0.000
2 0.950
3 0.661
4 0.125
5 0.927
6 0.500
SFAC 1.0
1 0.000
2 0.945
3 0.894
4 0.125
5 0.927
6 0.300
SFAC 1.0
1 0.000
2 0.000
3 0.954
4 0.125
5 0.927
6 0.200
SFAC 1.0
1 0.000
2 0.000
3 0.957
4 0.125
5 0.926
6 0.200
SFAC 1.0
1 0.000
2 0.822
3 0.957
4 0.125
5 0.777
6 0.200
SFAC 1.0
1 0.000
2 0.822
3 0.845
4 0.125
5 0.783
6 0.400
SFAC 1.0
1 0.221
2 0.860
3 0.000
4 0.125
5 0.835
6 0.600
SFAC 1.0
1 0.485
2 0.908
3 0.000
4 0.125
5 0.887
6 0.700
SFAC 1.0
1 0.846
2 0.940
3 0.000
4 0.125
5 0.924
6 0.800
SFAC 1.0
1 0.914
2 0.950
3 0.000
4 0.125
5 0.927
6 0.900
SFAC 1.0
1 0.000
2 0.950
3 0.000
4 0.125
5 0.927
6 0.900
SFAC 1.0
1 0.000
2 0.950
3 0.000
4 0.125
5 0.927
6 0.700
SFAC 1.0
1 0.000
2 0.950
3 0.661
4 0.125
5 0.927
6 0.500
SFAC 1.0
1 0.000
2 0.945
3 0.894
4 0.125
5 0.927
6 0.300
SFAC 1.0
1 0.000
2 0.000
3 0.954
4 0.125
5 0.927
6 0.200
SFAC 1.0
1 0.000
2 0.000
3 0.957
4 0.125
5 0.926
6 0.200
SFAC 1.0
1 0.000
2 0.822
3 0.957
4 0.125
5 0.777
6 0.200
SFAC 1.0
1 0.000
2 0.822
3 0.957
4 0.125
5 0.777
6 0.200
SFAC 1.0
1 0.000
2 0.822
3 0.845
4 0.125
5 0.783
6 0.400
SFAC 1.0
1 0.221
2 0.860
3 0.000
4 0.125
5 0.835
6 0.600
SFAC 1.0
1 0.485
2 0.908
3 0.000
4 0.125
5 0.887
6 0.700
SFAC 1.0
1 0.846
2 0.940
3 0.000
4 0.125
5 0.924
6 0.800
SFAC 1.0
1 0.914
2 0.950
3 0.000
4 0.125
5 0.927
6 0.900
SFAC 1.0
1 0.000
2 0.950
3 0.000
4 0.125
5 0.927
6 0.900
SFAC 1.0
1 0.000
2 0.950
3 0.000
4 0.125
5 0.927
6 0.700
SFAC 1.0
1 0.000
2 0.950
3 0.661
4 0.125
5 0.927
6 0.500
SFAC 1.0
1 0.000
2 0.945
3 0.894
4 0.125
5 0.927
6 0.300
SFAC 1.0
1 0.000
2 0.000
3 0.954
4 0.125
5 0.927
6 0.200
SFAC 1.0
1 0.000
2 0.000
3 0.957
4 0.125
5 0.926
6 0.200
SFAC 1.0
1 0.000
2 0.822
3 0.957
4 0.125
5 0.777
6 0.200
SFAC 1.0
1 0.000
2 0.822
3 0.845
4 0.125
5 0.783
6 0.400
SFAC 1.0
1 0.221
2 0.860
3 0.000
4 0.125
5 0.835
6 0.600
SFAC 1.0
1 0.485
2 0.908
3 0.000
4 0.125
5 0.887
6 0.700
SFAC 1.0
1 0.846
2 0.940
3 0.000
4 0.125
5 0.924
6 0.800
SFAC 1.0
1 0.914
2 0.950
3 0.000
4 0.125
5 0.927
6 0.900
SFAC 1.0
1 0.000
2 0.950
3 0.000
4 0.125
5 0.927
6 0.900
SFAC 1.0
1 0.000
2 0.950
3 0.000
4 0.125
5 0.927
6 0.700
SFAC 1.0
1 0.000
2 0.950
3 0.661
4 0.125
5 0.927
6 0.500
SFAC 1.0
1 0.000
2 0.945
3 0.894
4 0.125
5 0.927
6 0.300
SFAC 1.0
1 0.000
2 0.000
3 0.954
4 0.125
5 0.927
6 0.200
SFAC 1.0
1 0.000
2 0.000
3 0.957
4 0.125
5 0.926
6 0.200
SFAC 1.0
1 0.000
2 0.822
3 0.957
4 0.125
5 0.777
6 0.200
SFAC 1.0
1 0.000
2 0.822
3 0.957
4 0.125
5 0.777
6 0.200
SFAC 1.0
1 0.000
2 0.822
3 0.845
4 0.125
5 0.783
6 0.400
SFAC 1.0
1 0.221
2 0.860
3 0.000
4 0.125
5 0.835
6 0.600
SFAC 1.0
1 0.485
2 0.908
3 0.000
4 0.125
5 0.887
6 0.700
SFAC 1.0
1 0.846
2 0.940
3 0.000
4 0.125
5 0.924
6 0.800
SFAC 1.0
1 0.914
2 0.950
3 0.000
4 0.125
5 0.927
6 0.900
SFAC 1.0
1 0.000
2 0.950
3 0.000
4 0.125
5 0.927
6 0.900
SFAC 1.0
1 0.000
2 0.950
3 0.000
4 0.125
5 0.927
6 0.700
SFAC 1.0
1 0.000
2 0.950
3 0.661
4 0.125
5 0.927
6 0.500
SFAC 1.0
1 0.000
2 0.945
3 0.894
4 0.125
5 0.927
6 0.300
SFAC 1.0
1 0.000
2 0.000
3 0.954
4 0.125
5 0.927
6 0.200
SFAC 1.0
1 0.000
2 0.000
3 0.957
4 0.125
5 0.926
6 0.200
SFAC 1.0
1 0.000
2 0.822
3 0.957
4 0.125
5 0.777
6 0.200
SFAC 1.0
1 0.000
2 0.822
3 0.845
4 0.125
5 0.783
6 0.400
SFAC 1.0
1 0.221
2 0.860
3 0.000
4 0.125
5 0.835
6 0.600
SFAC 1.0
1 0.485
2 0.908
3 0.000
4 0.125
5 0.887
6 0.700
SFAC 1.0
1 0.846
2 0.940
3 0.000
4 0.125
5 0.924
6 0.800
SFAC 1.0
1 0.914
2 0.950
3 0.000
4 0.125
5 0.927
6 0.900
SFAC 1.0
1 0.000
2 0.950
3 0.000
4 0.125
5 0.927
6 0.900
SFAC 1.0
1 0.000
2 0.950
3 0.000
4 0.125
5 0.927
6 0.700
SFAC 1.0
1 0.000
2 0.950
3 0.661
4 0.125
5 0.927
6 0.500
SFAC 1.0
1 0.000
2 0.945
3 0.894
4 0.125
5 0.927
6 0.300
SFAC 1.0
1 0.000
2 0.000
3 0.954
4 0.125
5 0.927
6 0.200
SFAC 1.0
1 0.000
2 0.000
3 0.957
4 0.125
5 0.926
6 0.200
SFAC 1.0
1 0.000
2 0.822
3 0.957
4 0.125
5 0.777
6 0.200
SFAC 1.0
1 0.000
2 0.822
3 0.957
4 0.125
5 0.777
6 0.200
SFAC 1.0
1 0.000
2 0.822
3 0.845
4 0.125
5 0.783
6 0.400
SFAC 1.0
1 0.221
2 0.860
3 0.000
4 0.125
5 0.835
6 0.600
SFAC 1.0
1 0.485
2 0.908
3 0.000
4 0.125
5 0.887
6 0.700
SFAC 1.0
1 0.846
2 0.940
3 0.000
4 0.125
5 0.924
6 0.800
SFAC 1.0
1 0.914
2 0.950
3 0.000
4 0.125
5 0.927
6 0.900
SFAC 1.0
1 0.000
2 0.950
3 0.000
4 0.125
5 0.927
6 0.900
SFAC 1.0
1 0.000
2 0.950
3 0.000
4 0.125
5 0.927
6 0.700
SFAC 1.0
1 0.000
2 0.950
3 0.661
4 0.125
5 0.927
6 0.500
SFAC 1.0
1 0.000
2 0.945
3 0.894
4 0.125
5 0.927
6 0.300
SFAC 1.0
1 0.000
2 0.000
3 0.954
4 0.125
5 0.927
6 0.200
SFAC 1.0
1 0.000
2 0.000
3 0.957
4 0.125
5 0.926
6 0.200
SFAC 1.0
1 0.000
2 0.822
3 0.957
4 0.125
5 0.777
6 0.200
SFAC 1.0
1 0.000
2 0.822
3 0.845
4 0.125
5 0.783
6 0.400
SFAC 1.0
1 0.221
2 0.860
3 0.000
4 0.125
5 0.835
6 0.600
SFAC 1.0
1 0.485
2 0.908
3 0.000
4 0.125
5 0.887
6 0.700
SFAC 1.0
1 0.846
2 0.940
3 0.000
4 0.125
5 0.924
6 0.800
SFAC 1.0
1 0.914
2 0.950
3 0.000
4 0.125
5 0.927
6 0.900
SFAC 1.0
1 0.000
2 0.950
3 0.000
4 0.125
5 0.927
6 0.900
SFAC 1.0
1 0.000
2 0.950
3 0.000
4 0.125
5 0.927
6 0.700
SFAC 1.0
1 0.000
2 0.950
3 0.661
4 0.125
5 0.927
6 0.500
SFAC 1.0
1 0.000
2 0.945
3 0.894
4 0.125
5 0.927
6 0.300
SFAC 1.0
1 0.000
2 0.000
3 0.954
4 0.125
5 0.927
6 0.200
SFAC 1.0
1 0.000
2 0.000
3 0.957
4 0.125
5 0.926
6 0.200
SFAC 1.0
1 0.000
2 0.822
3 0.957
4 0.125
5 0.777
6 0.200
SFAC 1.0
1 0.000
2 0.822
3 0.957
4 0.125
5 0.777
6 0.200
SFAC 1.0
1 0.000
2 0.822
3 0.845
4 0.125
5 0.783
6 0.400
SFAC 1.0
1 0.221
2 0.860
3 0.000
4 0.125
5 0.835
6 0.600
SFAC 1.0
1 0.485
2 0.908
3 0.000
4 0.125
5 0.887
6 0.700
SFAC 1.0
1 0.846
2 0.940
3 0.000
4 0.125
5 0.924
6 0.800
SFAC 1.0
1 0.914
2 0.950
3 0.000
4 0.125
5 0.927
6 0.900
SFAC 1.0
1 0.000
2 0.950
3 0.000
4 0.125
5 0.927
6 0.900
SFAC 1.0
1 0.000
2 0.950
3 0.000
4 0.125
5 0.927
6 0.700
SFAC 1.0
1 0.000
2 0.950
3 0.661
4 0.125
5 0.927
6 0.500
SFAC 1.0
1 0.000
2 0.945
3 0.894
4 0.125
5 0.927
6 0.300
SFAC 1.0
1 0.000
2 0.000
3 0.954
4 0.125
5 0.927
6 0.200
SFAC 1.0
1 0.000
2 0.000
3 0.957
4 0.125
5 0.926
6 0.200
SFAC 1.0
1 0.000
2 0.822
3 0.957
4 0.125
5 0.777
6 0.200
SFAC 1.0
1 0.000
2 0.822
3 0.845
4 0.125
5 0.783
6 0.400
SFAC 1.0
1 0.221
2 0.860
3 0.000
4 0.125
5 0.835
6 0.600
SFAC 1.0
1 0.485
2 0.908
3 0.000
4 0.125
5 0.887
6 0.700
SFAC 1.0
1 0.846
2 0.940
3 0.000
4 0.125
5 0.924
6 0.800
SFAC 1.0
1 0.914
2 0.950
3 0.000
4 0.125
5 0.927
6 0.900
SFAC 1.0
1 0.000
2 0.950
3 0.000
4 0.125
5 0.927
6 0.900
SFAC 1.0
1 0.000
2 0.950
3 0.000
4 0.125
5 0.927
6 0.700
SFAC 1.0
1 0.000
2 0.950
3 0.661
4 0.125
5 0.927
6 0.500
SFAC 1.0
1 0.000
2 0.945
3 0.894
4 0.125
5 0.927
6 0.300
SFAC 1.0
1 0.000
2 0.000
3 0.954
4 0.125
5 0.927
6 0.200
SFAC 1.0
1 0.000
2 0.000
3 0.957
4 0.125
5 0.926
6 0.200