SP TS  2  1  ITER 12  DELT 1.0  (NROW,NCOL,NLAY) = (10, 15, 2)   ERROR 0.0 %  FORMAT "(*(ES12.5, :, 1x))"     LAY 1
 6.03589E+01  5.92250E+01  5.73376E+01  5.60893E+01  5.73297E+01  5.92036E+01  6.03084E+01  6.02605E+01  5.92170E+01          NaN          NaN          NaN          NaN          NaN          NaN
 6.00118E+01  5.85130E+01  5.55088E+01  5.19585E+01  5.55123E+01  5.85265E+01  6.00551E+01  6.01653E+01  5.91768E+01          NaN          NaN          NaN          NaN          NaN          NaN
 5.97477E+01  5.79068E+01  5.27864E+01          NaN  5.28052E+01  5.79462E+01  5.98599E+01  6.00976E+01  5.91497E+01          NaN          NaN          NaN          NaN          NaN          NaN
 6.00118E+01  5.85130E+01  5.55088E+01  5.19589E+01  5.55124E+01  5.85266E+01  6.00553E+01  6.01654E+01  5.91769E+01          NaN          NaN          NaN          NaN          NaN          NaN
 6.03589E+01  5.92249E+01  5.73376E+01  5.60894E+01  5.73298E+01  5.92039E+01  6.03087E+01  6.02608E+01  5.92172E+01          NaN          NaN          NaN          NaN          NaN          NaN
 6.03588E+01  5.92249E+01  5.73376E+01  5.60894E+01  5.73299E+01  5.92039E+01  6.03088E+01  6.02608E+01  5.92173E+01          NaN          NaN          NaN          NaN          NaN          NaN
 6.00117E+01  5.85129E+01  5.55087E+01  5.19585E+01  5.55124E+01  5.85267E+01  6.00554E+01  6.01656E+01  5.91771E+01          NaN          NaN          NaN          NaN          NaN          NaN
 5.97476E+01  5.79066E+01  5.27863E+01          NaN  5.28052E+01  5.79463E+01  5.98601E+01  6.00979E+01  5.91500E+01          NaN          NaN          NaN          NaN          NaN          NaN
 6.00117E+01  5.85129E+01  5.55087E+01  5.19588E+01  5.55122E+01  5.85266E+01  6.00553E+01  6.01656E+01  5.91771E+01          NaN          NaN          NaN          NaN          NaN          NaN
 6.03588E+01  5.92248E+01  5.73375E+01  5.60892E+01  5.73297E+01  5.92038E+01  6.03087E+01  6.02608E+01  5.92173E+01          NaN          NaN          NaN          NaN          NaN          NaN
LAY 2
 5.69430E+01  5.56515E+01  5.35130E+01  5.19171E+01  5.35053E+01  5.56253E+01  5.68611E+01  5.66850E+01  5.48265E+01  5.08087E+01  4.48028E+01  3.68009E+01  2.68003E+01  1.48001E+01  8.00004E-01
 5.65264E+01  5.47118E+01  5.10584E+01  4.66467E+01  5.10614E+01  5.47206E+01  5.65493E+01  5.65798E+01  5.47905E+01  5.07967E+01  4.47989E+01  3.67996E+01  2.67999E+01  1.48000E+01  7.99999E-01
 5.61819E+01  5.37101E+01  4.71366E+01  2.98944E+01  4.71474E+01  5.37433E+01  5.62831E+01  5.65017E+01  5.47659E+01  5.07889E+01  4.47963E+01  3.67988E+01  2.67996E+01  1.47999E+01  7.99995E-01
 5.65264E+01  5.47117E+01  5.10584E+01  4.66468E+01  5.10615E+01  5.47207E+01  5.65495E+01  5.65799E+01  5.47906E+01  5.07968E+01  4.47989E+01  3.67996E+01  2.67998E+01  1.47999E+01  7.99998E-01
 5.69429E+01  5.56515E+01  5.35131E+01  5.19172E+01  5.35055E+01  5.56256E+01  5.68614E+01  5.66853E+01  5.48267E+01  5.08088E+01  4.48029E+01  3.68009E+01  2.68003E+01  1.48001E+01  8.00004E-01
 5.69429E+01  5.56514E+01  5.35130E+01  5.19172E+01  5.35055E+01  5.56257E+01  5.68615E+01  5.66854E+01  5.48268E+01  5.08089E+01  4.48029E+01  3.68009E+01  2.68003E+01  1.48001E+01  8.00003E-01
 5.65263E+01  5.47116E+01  5.10583E+01  4.66467E+01  5.10615E+01  5.47208E+01  5.65496E+01  5.65802E+01  5.47908E+01  5.07970E+01  4.47991E+01  3.67997E+01  2.67999E+01  1.47999E+01  7.99998E-01
 5.61818E+01  5.37099E+01  4.71364E+01  2.98943E+01  4.71473E+01  5.37434E+01  5.62832E+01  5.65019E+01  5.47662E+01  5.07892E+01  4.47966E+01  3.67989E+01  2.67997E+01  1.47999E+01  7.99994E-01
 5.65263E+01  5.47116E+01  5.10582E+01  4.66467E+01  5.10613E+01  5.47207E+01  5.65496E+01  5.65801E+01  5.47909E+01  5.07971E+01  4.47992E+01  3.67998E+01  2.68000E+01  1.48000E+01  7.99998E-01
 5.69428E+01  5.56514E+01  5.35130E+01  5.19170E+01  5.35053E+01  5.56255E+01  5.68613E+01  5.66853E+01  5.48268E+01  5.08090E+01  4.48031E+01  3.68012E+01  2.68005E+01  1.48002E+01  8.00008E-01
