SP TS  1  1  ITER 6  DELT 0.0  (NROW,NCOL,NLAY) = (11, 11, 1)   ERROR 6.2524017E-6 %  FORMAT "(*(ES12.5, :, 1x))"     LAY 1
 5.00000E+01  6.20175E+01  6.91288E+01  7.36380E+01  7.66853E+01  7.88915E+01  8.06558E+01  8.22683E+01  8.42253E+01  8.87167E+01  1.00000E+02
 5.00000E+01  6.20241E+01  6.91341E+01  7.36339E+01  7.66634E+01  7.88447E+01  8.05869E+01  8.22110E+01  8.41935E+01  8.87044E+01  1.00000E+02
 5.00000E+01  6.20440E+01  6.91546E+01  7.36348E+01  7.66244E+01  7.87428E+01  8.04060E+01  8.20116E+01  8.40973E+01  8.86716E+01  1.00000E+02
 5.00000E+01  6.20936E+01  6.92157E+01  7.36640E+01  7.65889E+01  7.85898E+01  8.00279E+01  8.13012E+01  8.38585E+01  8.86075E+01  1.00000E+02
 5.00000E+01  6.22026E+01  6.93734E+01  7.37638E+01  7.66096E+01  7.84783E+01  7.95152E+01  7.91290E+01  8.34728E+01  8.85377E+01  1.00000E+02
 5.00000E+01  6.24096E+01  6.97625E+01  7.39786E+01  7.67492E+01  7.86703E+01  8.00672E+01  8.13173E+01  8.38633E+01  8.86088E+01  1.00000E+02
 5.00000E+01  6.26886E+01  7.07979E+01  7.42588E+01  7.69031E+01  7.88798E+01  8.04729E+01  8.20343E+01  8.41050E+01  8.86740E+01  1.00000E+02
 5.00000E+01  6.24342E+01  6.98107E+01  7.40677E+01  7.69169E+01  7.89919E+01  8.06673E+01  8.22397E+01  8.42042E+01  8.87080E+01  1.00000E+02
 5.00000E+01  6.22467E+01  6.94577E+01  7.39145E+01  7.68890E+01  7.90352E+01  8.07480E+01  8.23057E+01  8.42413E+01  8.87226E+01  1.00000E+02
 5.00000E+01  6.21504E+01  6.93180E+01  7.38308E+01  7.68625E+01  7.90474E+01  8.07781E+01  8.23280E+01  8.42546E+01  8.87283E+01  1.00000E+02
 5.00000E+01  6.21119E+01  6.92670E+01  7.37956E+01  7.68484E+01  7.90493E+01  8.07876E+01  8.23349E+01  8.42589E+01  8.87302E+01  1.00000E+02
