SP TS  3  10  ITER 1  DELT 339.21586  (NROW,NCOL,NLAY) = (10, 12, 2)   ERROR 8.0746955E-6 %  FORMAT "(*(ES12.5, :, 1x))"     LAY 1
 0.00000E+00  1.00000E+00  2.00000E+00  3.00000E+00  4.00000E+00  5.00000E+00  6.00000E+00  7.00000E+00  8.00000E+00  9.00000E+00  1.00000E+01  1.10000E+01
 0.00000E+00  1.00000E+00  2.00000E+00  3.00000E+00  4.00000E+00  5.00000E+00  6.00000E+00  7.00000E+00  8.00000E+00  9.00000E+00  1.00000E+01  1.10000E+01
 0.00000E+00  1.00000E+00  2.00000E+00  3.00000E+00  4.00000E+00  5.00000E+00  6.00000E+00  7.00000E+00  8.00000E+00  9.00000E+00  1.00000E+01  1.10000E+01
 0.00000E+00  1.00000E+00  2.00000E+00  3.00000E+00  4.00000E+00  5.00000E+00  6.00000E+00  7.00000E+00  8.00000E+00  9.00000E+00  1.00000E+01  1.10000E+01
 0.00000E+00  1.00000E+00  2.00000E+00  3.00000E+00  4.00000E+00  5.00000E+00  6.00000E+00  7.00000E+00  8.00000E+00  9.00000E+00  1.00000E+01  1.10000E+01
 0.00000E+00  1.00000E+00  2.00000E+00  3.00000E+00  4.00000E+00  5.00000E+00  6.00000E+00  7.00000E+00  8.00000E+00  9.00000E+00  1.00000E+01  1.10000E+01
 0.00000E+00  1.00000E+00  2.00000E+00  3.00000E+00  4.00000E+00  5.00000E+00  6.00000E+00  7.00000E+00  8.00000E+00  9.00000E+00  1.00000E+01  1.10000E+01
 0.00000E+00  1.00000E+00  2.00000E+00  3.00000E+00  4.00000E+00  5.00000E+00  6.00000E+00  7.00000E+00  8.00000E+00  9.00000E+00  1.00000E+01  1.10000E+01
 0.00000E+00  1.00000E+00  2.00000E+00  3.00000E+00  4.00000E+00  5.00000E+00  6.00000E+00  7.00000E+00  8.00000E+00  9.00000E+00  1.00000E+01  1.10000E+01
 0.00000E+00  1.00000E+00  2.00000E+00  3.00000E+00  4.00000E+00  5.00000E+00  6.00000E+00  7.00000E+00  8.00000E+00  9.00000E+00  1.00000E+01  1.10000E+01
LAY 2
 0.00000E+00  1.00000E+00  2.00000E+00  3.00000E+00  4.00000E+00  5.00000E+00  6.00000E+00  7.00000E+00  8.00000E+00  9.00000E+00  1.00000E+01  1.10000E+01
 0.00000E+00  1.00000E+00  2.00000E+00  3.00000E+00  4.00000E+00  5.00000E+00  6.00000E+00  7.00000E+00  8.00000E+00  9.00000E+00  1.00000E+01  1.10000E+01
 0.00000E+00  1.00000E+00  2.00000E+00  3.00000E+00  4.00000E+00  5.00000E+00  6.00000E+00  7.00000E+00  8.00000E+00  9.00000E+00  1.00000E+01  1.10000E+01
 0.00000E+00  1.00000E+00  2.00000E+00  3.00000E+00  4.00000E+00  5.00000E+00  6.00000E+00  7.00000E+00  8.00000E+00  9.00000E+00  1.00000E+01  1.10000E+01
 0.00000E+00  1.00000E+00  2.00000E+00  3.00000E+00  4.00000E+00  5.00000E+00  6.00000E+00  7.00000E+00  8.00000E+00  9.00000E+00  1.00000E+01  1.10000E+01
 0.00000E+00  1.00000E+00  2.00000E+00  3.00000E+00  4.00000E+00  5.00000E+00  6.00000E+00  7.00000E+00  8.00000E+00  9.00000E+00  1.00000E+01  1.10000E+01
 0.00000E+00  1.00000E+00  2.00000E+00  3.00000E+00  4.00000E+00  5.00000E+00  6.00000E+00  7.00000E+00  8.00000E+00  9.00000E+00  1.00000E+01  1.10000E+01
 0.00000E+00  1.00000E+00  2.00000E+00  3.00000E+00  4.00000E+00  5.00000E+00  6.00000E+00  7.00000E+00  8.00000E+00  9.00000E+00  1.00000E+01  1.10000E+01
 0.00000E+00  1.00000E+00  2.00000E+00  3.00000E+00  4.00000E+00  5.00000E+00  6.00000E+00  7.00000E+00  8.00000E+00  9.00000E+00  1.00000E+01  1.10000E+01
 0.00000E+00  1.00000E+00  2.00000E+00  3.00000E+00  4.00000E+00  5.00000E+00  6.00000E+00  7.00000E+00  8.00000E+00  9.00000E+00  1.00000E+01  1.10000E+01
