         DATE_START   PER   STP           DELT        SIMTIME       STORAGE_IN      STORAGE_OUT           CHD_IN          CHD_OUT            ET_IN           ET_OUT           RCH_IN          RCH_OUT           FHB_IN          FHB_OUT           LAK_IN          LAK_OUT         IN_OUT  PERCENT_ERROR
  NaN                   1     1     16.0137177     16.0137177       2067.03606     5.4869297E+6     3.8440017E+6              0.0              0.0              0.0        1740000.0              0.0              0.0              0.0              0.0      99139.01836      0.0358782   6.4227987E-7
  NaN                   1     2     16.3339920     32.3477097              0.0     4.9766810E+6     3.3409256E+6              0.0              0.0       4795.14804        1740000.0              0.0              0.0              0.0              0.0      99448.43746      1.0558936   2.0781523E-5
  NaN                   1     3     16.6606719     49.0083816              0.0     4.4255340E+6     2.8166360E+6              0.0              0.0      27932.70705        1740000.0              0.0              0.0              0.0              0.0     103169.27285      0.1016571   2.2309671E-6
  NaN                   1     4     16.9938853     66.0022669              0.0     3.9018559E+6     2.3499777E+6              0.0              0.0      80325.19932        1740000.0              0.0              0.0              0.0              0.0     107796.93842      0.2781266  -6.8001973E-6
  NaN                   1     5     17.3337630     83.3360300              0.0     3.4393822E+6     1.9654705E+6              0.0              0.0     152907.22824        1740000.0              0.0              0.0              0.0              0.0     113181.65043      0.5464896  -1.4748184E-5
  NaN                   1     6     17.6804383      101.01647              0.0     3.0429925E+6     1.6621038E+6              0.0              0.0     239857.81978        1740000.0              0.0              0.0              0.0              0.0     119254.19174      0.6750165  -1.9841148E-5
  NaN                   1     7     18.0340471      119.05052              0.0     2.7284959E+6     1.4229364E+6              0.0              0.0     308447.14158        1740000.0              0.0              0.0              0.0              0.0     125994.19537      0.8057789  -2.5475657E-5
  NaN                   1     8     18.3947280      137.44524              0.0     2.4652237E+6     1.2320810E+6              0.0              0.0     373452.85290        1740000.0              0.0              0.0              0.0              0.0     133405.28244      0.8728262  -2.9367506E-5
  NaN                   1     9     18.7626226      156.20787              0.0     2.2383425E+6     1.0772277E+6              0.0              0.0     437391.02131        1740000.0              0.0              0.0              0.0              0.0     141495.16245      0.9684708  -3.4376726E-5
  NaN                   1    10     19.1378750      175.34574              0.0     2.0389794E+6     949367.15042              0.0              0.0     500129.26107        1740000.0              0.0              0.0              0.0              0.0     150259.60989      1.0902942  -4.0540912E-5
  NaN                   1    11     19.5206325      194.86637              0.0     1.8530470E+6     842405.04359              0.0              0.0     569690.51022        1740000.0              0.0              0.0              0.0              0.0     159668.73471      1.1758361  -4.5532588E-5
  NaN                   1    12     19.9110452      214.77742              0.0     1.6759969E+6     752157.78248              0.0              0.0     646511.11308        1740000.0              0.0              0.0              0.0              0.0     169650.80875      1.0488252  -4.2085015E-5
  NaN                   1    13     20.3092661      235.08668              0.0     1.5149587E+6     675426.01755              0.0              0.0     720384.74404        1740000.0              0.0              0.0              0.0              0.0     180083.63646      1.0921845  -4.5217046E-5
  NaN                   1    14     20.7154514      255.80214              0.0     1.3675582E+6     609709.66890              0.0              0.0     791359.88889        1740000.0              0.0              0.0              0.0              0.0     190792.76725      1.1481047  -4.8861543E-5
  NaN                   1    15     21.1297604      276.93190              0.0     1.2267509E+6     553691.65893        591.26539              0.0     864808.19047        1740000.0              0.0              0.0              0.0              0.0     201542.39059      1.0527928  -4.5899479E-5
  NaN                   1    16     21.5523556      298.48425              0.0     1.0938370E+6     505260.90445       1121.57291              0.0     938276.24884        1740000.0              0.0              0.0              0.0              0.0     212027.12366      1.0143556  -4.5177619E-5
  NaN                   1    17     21.9834027      320.46765              0.0     970693.71376     463244.94904       1562.81927              0.0     1.0091031E+6        1740000.0              0.0              0.0              0.0              0.0     221886.50852      1.2289026  -5.5776922E-5
  NaN                   1    18     22.4230708      342.89073              0.0     859315.92332     426732.29360       1932.37984              0.0     1.0747167E+6        1740000.0              0.0              0.0              0.0              0.0     230768.21384      0.9616528  -4.4382620E-5
  NaN                   1    19     22.8715322      365.76226              0.0     756437.01393     394968.93816       2243.56490              0.0     1.1379821E+6        1740000.0              0.0              0.0              0.0              0.0     238307.22513      0.9934974  -4.6534501E-5
  NaN                   1    20     23.3289628      389.09122              0.0     663092.51762     367323.83717       2506.74434              0.0     1.1975745E+6        1740000.0              0.0              0.0              0.0              0.0     244150.84490      0.8155975  -3.8702990E-5
  NaN                   1    21     23.7955421      412.88676              0.0     581224.53023     343261.90179       2730.12070              0.0     1.2511547E+6        1740000.0              0.0              0.0              0.0              0.0     248153.39216      0.8028071  -3.8536053E-5
  NaN                   1    22     24.2714529      437.15822              0.0     509527.61621     322323.17258       2920.26998              0.0     1.2996062E+6        1740000.0              0.0              0.0              0.0              0.0     250269.82663      0.7077747  -3.4319286E-5
  NaN                   1    23     24.7568820      461.91510              0.0     447397.82812     304107.76464       3082.52728              0.0     1.3430494E+6        1740000.0              0.0              0.0              0.0              0.0     250578.62467      0.6594302  -3.2260044E-5
  NaN                   1    24     25.2520196      487.16712              0.0     393854.56652     288265.03114       3221.26713              0.0     1.3820138E+6        1740000.0              0.0              0.0              0.0              0.0     249176.11417      0.7067132  -3.4843233E-5
  NaN                   1    25     25.7570600      512.92418              0.0     347327.70200     274485.94125       3340.11014              0.0     1.4177085E+6        1740000.0              0.0              0.0              0.0              0.0     246110.21925      0.5870509  -2.9141472E-5
  NaN                   1    26     26.2722012      539.19638              0.0     306439.55466     262538.10837       3482.32667              0.0     1.4512618E+6        1740000.0              0.0              0.0              0.0              0.0     241354.97149      0.5646075  -2.8194592E-5
  NaN                   1    27     26.7976453      565.99402              0.0     270261.15957     252316.58243       3785.32394              0.0     1.4833532E+6        1740000.0              0.0              0.0              0.0              0.0     234917.46462      0.5967016  -2.9950133E-5
  NaN                   1    28     27.3335982      593.32762              0.0     238772.38618     243407.17349       4046.92614              0.0     1.5135364E+6        1740000.0              0.0              0.0              0.0              0.0     227053.03855      1.5524777  -7.8273243E-5
  NaN                   1    29     27.8802701      621.20789              0.0     212009.56089     235630.37677       4273.19940              0.0     1.5411194E+6        1740000.0              0.0              0.0              0.0              0.0     218229.64925      1.4249922  -7.2128454E-5
  NaN                   1    30     28.4378755      649.64577              0.0     189306.54308     228829.62506       4469.31831              0.0     1.5662390E+6        1740000.0              0.0              0.0              0.0              0.0     208816.06311      1.2826370  -6.5147160E-5
  NaN                   1    31     29.0066330      678.65240              0.0     169937.34784     222868.10239       4639.70800              0.0     1.5892374E+6        1740000.0              0.0              0.0              0.0              0.0     199054.75514      1.1584956  -5.9020535E-5
  NaN                   1    32     29.5867657      708.23917              0.0     153323.51166     217626.34306       4788.15681              0.0     1.6104008E+6        1740000.0              0.0              0.0              0.0              0.0     189114.90758      1.0486237  -5.3566068E-5
  NaN                   1    33     30.1785010      738.41767              0.0     138993.90117     213000.27430       4917.90994              0.0     1.6299686E+6        1740000.0              0.0              0.0              0.0              0.0     179120.85291      0.9506457  -4.8676156E-5
  NaN                   1    34     30.7820710      769.19974              0.0     126560.06729     208899.59900       5031.74729              0.0     1.6481410E+6        1740000.0              0.0              0.0              0.0              0.0     169167.60837      0.8631960  -4.4291447E-5
  NaN                   1    35     31.3977125      800.59745              0.0     115699.99173     205246.40495       5132.04811              0.0     1.6650855E+6        1740000.0              0.0              0.0              0.0              0.0     159329.69195      0.7853105  -4.0370739E-5
  NaN                   1    36     32.0256667      832.62312              0.0     106146.48327     201973.91220       5220.84498              0.0     1.6809409E+6        1740000.0              0.0              0.0              0.0              0.0     149666.39953      0.7161204  -3.6875894E-5
  NaN                   1    37     32.6661800      865.28930              0.0      97678.28606     199062.80848       5337.37424              0.0     1.6958226E+6        1740000.0              0.0              0.0              0.0              0.0     140225.16841      0.6551574  -3.3787317E-5
  NaN                   1    38     33.3195036      898.60880              0.0      90112.88836     196472.33234       5490.30989              0.0     1.7098259E+6        1740000.0              0.0              0.0              0.0              0.0     131043.86511      0.6018964  -3.1082100E-5
  NaN                   1    39     33.9858937      932.59469              0.0      83300.49733     194110.12530       5628.71015              0.0     1.7230290E+6        1740000.0              0.0              0.0              0.0              0.0     122152.43867      0.5558762  -2.8740668E-5
  NaN                   1    40     34.6656116      967.26031              0.0      77118.88599     191943.84769       5754.66788              0.0     1.7354966E+6        1740000.0              0.0              0.0              0.0              0.0     113574.17822      0.5166715  -2.6743606E-5
  NaN                   1    41     35.3589238     1002.61923              0.0      71468.94314     189946.83094       5869.92926              0.0     1.7472817E+6        1740000.0              0.0              0.0              0.0              0.0     105326.70916      0.4839080  -2.5073640E-5
  NaN                   1    42     36.0661023     1038.68533              0.0      66270.81997     188097.23541       5975.94211              0.0     1.7584281E+6        1740000.0              0.0              0.0              0.0              0.0      97422.80665      0.4569840  -2.3701293E-5
  NaN                   1    43     36.7874243     1075.47276              0.0      61460.59968     186377.28577       6073.89956              0.0     1.7689721E+6        1740000.0              0.0              0.0              0.0              0.0      89871.07491      0.4356021  -2.2612497E-5
  NaN                   1    44     37.5231728     1112.99593              0.0      56987.43047     184772.58713       6164.77925              0.0     1.7789443E+6        1740000.0              0.0              0.0              0.0              0.0      82676.52368      0.4191876  -2.1778552E-5
  NaN                   1    45     38.2736363     1151.26957              0.0      52811.07399     183271.52228       6249.37839              0.0     1.7883704E+6        1740000.0              0.0              0.0              0.0              0.0      75841.06339      0.4072338  -2.1174012E-5
  NaN                   1    46     39.0391090     1190.30868              0.0      48899.82319     181864.72760       6328.34464              0.0     1.7972730E+6        1740000.0              0.0              0.0              0.0              0.0      69363.93429      0.3992472  -2.0773945E-5
  NaN                   1    47     39.8198912     1230.12857              0.0      45228.74843     180592.66898       6450.22882              0.0     1.8056720E+6        1740000.0              0.0              0.0              0.0       48.3326866      63290.41363      0.3947070  -2.0550794E-5
  NaN                   1    48     40.6162890     1270.74486              0.0      41778.23309     179409.10102       6575.34834              0.0     1.8135854E+6        1740000.0              0.0              0.0              0.0        871.64329      58342.12444      0.3930379  -2.0467728E-5
  NaN                   1    49     41.4286148     1312.17347              0.0      38532.76275     178297.73616       6692.79482              0.0     1.8210301E+6        1740000.0              0.0              0.0              0.0       1927.56014      53969.99610      0.3937548  -2.0505654E-5
  NaN                   1    50     42.2571871     1354.43066              0.0      35479.93391     177254.55730       6803.02644              0.0     1.8280222E+6        1740000.0              0.0              0.0              0.0       2919.76498      49869.59183      0.3962719  -2.0637287E-5
  NaN                   1    51     43.1023308     1397.53299              0.0      32609.65258     176276.15107       6906.42900              0.0     1.8345771E+6        1740000.0              0.0              0.0              0.0       4224.82315      46408.16749      0.4001867  -2.0837618E-5
  NaN                   1    52     43.9643774     1441.49737              0.0      29913.49393     175389.41407       7033.20521              0.0     1.8407104E+6        1740000.0              0.0              0.0              0.0       5568.11256      43300.80481      0.4049366  -2.1079932E-5
  NaN                   1    53     44.8436650     1486.34103              0.0      27384.19915     174585.44854       7177.41465              0.0     1.8464375E+6        1740000.0              0.0              0.0              0.0       6820.78164      40407.55212      0.4101235  -2.1344964E-5
  NaN                   1    54     45.7405383     1532.08157              0.0      25015.28639     173864.19931       7341.72242              0.0     1.8517738E+6        1740000.0              0.0              0.0              0.0       8134.46417      37868.30332      0.4152823  -2.1606792E-5
  NaN                   1    55     46.6553491     1578.73692              0.0      22800.75702     173232.23160       7535.26125              0.0     1.8567350E+6        1740000.0              0.0              0.0              0.0       9397.17190      35558.83816      0.4200831  -2.1849406E-5
  NaN                   1    56     47.5884560     1626.32537              0.0      20734.87957     172644.53253       7715.49471              0.0     1.8613369E+6        1740000.0              0.0              0.0              0.0      10565.09198      33422.75261      0.4241600  -2.2054794E-5
  NaN                   1    57     48.5402252     1674.86560              0.0      18812.03707     172099.13057       7882.87994              0.0     1.8655956E+6        1740000.0              0.0              0.0              0.0      11642.76369      31451.75535      0.4272573  -2.2209696E-5
  NaN                   1    58     49.5110297     1724.37663              0.0      17026.62477     171594.16000       8037.96058              0.0     1.8695273E+6        1740000.0              0.0              0.0              0.0      12777.37071      29780.06799      0.4290917  -2.2297755E-5
  NaN                   1    59     50.5012503     1774.87788              0.0      15372.98792     171127.76111       8181.28377              0.0     1.8731481E+6        1740000.0              0.0              0.0              0.0      13939.25266      28365.03357      0.4295586  -2.2313953E-5
  NaN                   1    60     51.5112753     1826.38915              0.0      13845.38998     170698.07335       8313.40111              0.0     1.8764744E+6        1740000.0              0.0              0.0              0.0      15003.56539      27068.86378      0.4284196  -2.2247452E-5
  NaN                   1    61     52.5415008     1878.93065              0.0      12438.00456     170303.23394       8434.86821              0.0     1.8795224E+6        1740000.0              0.0              0.0              0.0      15976.08356      25884.51932      0.4257169  -2.2100475E-5
  NaN                   1    62     53.5923308     1932.52299              0.0      11144.92377     169941.38044       8546.24329              0.0     1.8823081E+6        1740000.0              0.0              0.0              0.0      16862.49209      24805.07017      0.4212310  -2.1861642E-5
  NaN                   1    63     54.6641774     1987.18716              0.0       9960.17930     169610.65603       8648.08511              0.0     1.8848474E+6        1740000.0              0.0              0.0              0.0      17668.35961      23823.73002      0.4150865  -2.1537433E-5
  NaN                   1    64     55.7574610     2042.94462              0.0       8877.77059     169309.21662       8740.95039              0.0     1.8871561E+6        1740000.0              0.0              0.0              0.0      18399.23145      22934.00228      0.4072674  -2.1127021E-5
  NaN                   1    65     56.8726102     2099.81723              0.0       7891.69817     169035.23891       8825.39113              0.0     1.8892495E+6        1740000.0              0.0              0.0              0.0      19060.24218      22129.33855      0.3978669  -2.0635226E-5
  NaN                   1    66     58.0100624     2157.82730              0.0       6995.99871     168786.92885       8901.95174              0.0     1.8911423E+6        1740000.0              0.0              0.0              0.0      19656.47921      21403.54110      0.3869369  -2.0064724E-5
  NaN                   1    67     59.1702636     2216.99756              0.0       6184.78046     168562.53002       8971.16633              0.0     1.8928491E+6        1740000.0              0.0              0.0              0.0      20251.86131      20809.67395      0.3745878  -1.9420623E-5
  NaN                   1    68     60.3536689     2277.35123              0.0       5452.25721     168360.33158       9033.55607              0.0     1.8943839E+6        1740000.0              0.0              0.0              0.0      20833.51084      20324.46142      0.3610755  -1.8716393E-5
  NaN                   1    69     61.5607423     2338.91197              0.0       4792.87002     168178.72790       9089.51128              0.0     1.8957601E+6        1740000.0              0.0              0.0              0.0      21353.95471      19890.58429      0.3695525  -1.9152434E-5
  NaN                   1    70     62.7919571     2401.70393              0.0       4201.47908     168016.01806       9139.70432              0.0     1.8969906E+6        1740000.0              0.0              0.0              0.0      21818.46794      19503.08636      0.3550905  -1.8400048E-5
  NaN                   1    71     64.0477963     2465.75172              0.0       3671.96181     167870.69941       9184.56977              0.0     1.8980875E+6        1740000.0              0.0              0.0              0.0      22231.50737      19158.52606      0.3395048  -1.7589988E-5
  NaN                   1    72     65.3287522     2531.08048              0.0       3199.47921     167741.31968       9224.53948              0.0     1.8990624E+6        1740000.0              0.0              0.0              0.0      22597.75561      18852.99864      0.3229229  -1.6728819E-5
  NaN                   1    73     66.6353272     2597.71580              0.0       2779.26602     167626.49255       9260.03152              0.0     1.8999262E+6        1740000.0              0.0              0.0              0.0      22921.55425      18582.88230      0.3054688  -1.5822902E-5
  NaN                   1    74     67.9680338     2665.68384              0.0       2406.74985     167524.90465       9291.44514              0.0     1.9006891E+6        1740000.0              0.0              0.0              0.0      23206.95169      18344.79979      0.2874861  -1.4890003E-5
  NaN                   1    75     69.3273944     2735.01123              0.0       2077.59042     167435.31859       9319.15830              0.0     1.9013610E+6        1740000.0              0.0              0.0              0.0      23457.71829      18135.60581      0.2691913  -1.3941283E-5
  NaN                   1    76     70.7139423     2805.72517              0.0       1787.69611     167356.57419       9343.52643              0.0     1.9019506E+6        1740000.0              0.0              0.0              0.0      23677.35510      17952.37981      0.2507043  -1.2982903E-5
  NaN                   1    77     72.1282212     2877.85340              0.0       1533.23115     167287.58863       9364.88191              0.0     1.9024664E+6        1740000.0              0.0              0.0              0.0      23869.10174      17792.41935      0.2323259  -1.2030403E-5
  NaN                   1    78     73.5707856     2951.42418              0.0       1310.61750     167227.35580       9383.53402              0.0     1.9029161E+6        1740000.0              0.0              0.0              0.0      24035.94492      17653.23300      0.2141376  -1.1087956E-5
  NaN                   1    79     75.0422013     3026.46638              0.0       1116.53363     167174.94495       9399.76915              0.0     1.9033069E+6        1740000.0              0.0              0.0              0.0      24180.62786      17532.53244      0.1964264  -1.0170392E-5
  NaN                   1    80     76.5430453     3103.00943              0.0        947.91011     167129.49886       9413.85130              0.0     1.9036454E+6        1740000.0              0.0              0.0              0.0      24305.66058      17428.22391      0.1792967  -9.2830805E-6
  NaN                   1    81     78.0739063     3181.08333              0.0        801.92339     167090.23137       9426.02275              0.0     1.9039374E+6        1740000.0              0.0              0.0              0.0      24413.33087      17338.39902      0.1627788  -8.4275704E-6
  NaN                   1    82     79.6353844     3260.71872              0.0        675.98773     167056.42465       9436.50487              0.0     1.9041885E+6        1740000.0              0.0              0.0              0.0      24505.71588      17261.32513      0.1470227  -7.6115936E-6
  NaN                   1    83     81.2280921     3341.94681              0.0        567.74551     167027.42601       9445.49905              0.0     1.9044036E+6        1740000.0              0.0              0.0              0.0      24584.69401      17195.43534      0.1321674  -6.8423374E-6
  NaN                   1    84     82.8526539     3424.79946              0.0        475.05639     167002.64457       9453.18768              0.0     1.9045872E+6        1740000.0              0.0              0.0              0.0      24651.95725      17139.31827      0.1181945  -6.1188191E-6
  NaN                   1    85     84.5097070     3509.30917              0.0        395.98592     166981.54768       9459.73527              0.0     1.9047432E+6        1740000.0              0.0              0.0              0.0      24709.02341      17091.70784      0.1051676  -5.4443310E-6
  NaN                   1    86     86.1999011     3595.50907              0.0        328.79378     166963.68720       9465.24693              0.0     1.9048754E+6        1740000.0              0.0              0.0              0.0      24757.17475      17051.88122      0.5033664  -2.6057925E-5
  NaN                   1    87     87.9238991     3683.43297              0.0        270.96156     166948.58948       9469.92678              0.0     1.9049866E+6        1740000.0              0.0              0.0              0.0      24797.02236      17018.59031      0.4347373  -2.2504893E-5
  NaN                   1    88     89.6823771     3773.11535              0.0        222.90164     166935.89636       9473.87074              0.0     1.9050798E+6        1740000.0              0.0              0.0              0.0      24830.73327      16990.42238      0.3754346  -1.9434779E-5
  NaN                   1    89     91.4760247     3864.59137              0.0        182.80490     166925.27284       9477.17652              0.0     1.9051578E+6        1740000.0              0.0              0.0              0.0      24858.99749      16966.80303      0.3231147  -1.6726230E-5
  NaN                   1    90     93.3055452     3957.89692              0.0        149.38818     166916.41670       9479.93499              0.0     1.9052228E+6        1740000.0              0.0              0.0              0.0      24882.56240      16947.10859      0.2769877  -1.4338326E-5
  NaN                   1    91     95.1716561     4053.06858              0.0        121.61128     166909.06196       9482.22738              0.0     1.9052768E+6        1740000.0              0.0              0.0              0.0      24902.11517      16930.76542      0.2363598  -1.2235140E-5
  NaN                   1    92     97.0750892     4150.14366              0.0       98.5985046     166902.97758       9484.12487              0.0     1.9053215E+6        1740000.0              0.0              0.0              0.0      24918.26458      16917.26531      0.2007414  -1.0391305E-5
  NaN                   1    93     99.0165910     4249.16026              0.0       79.6035192     166897.96418       9485.68911              0.0     1.9053582E+6        1740000.0              0.0              0.0              0.0      24931.54229      16906.16438      0.1696922  -8.7840124E-6
  NaN                   1    94      100.99692     4350.15718              0.0       63.9876697     166893.85041       9486.97328              0.0     1.9053884E+6        1740000.0              0.0              0.0              0.0      24942.40885      16897.07809      0.1427824  -7.3910209E-6
  NaN                   1    95      103.01686     4453.17404              0.0       51.2041592     166890.48945       9488.02296              0.0     1.9054130E+6        1740000.0              0.0              0.0              0.0      24951.26071      16889.67540      0.1195341  -6.1875732E-6
  NaN                   1    96      105.07720     4558.25124              0.0       39.8909171     166887.82499       9488.84208              0.0     1.9054325E+6        1740000.0              0.0              0.0              0.0      24958.76794      16883.14408      2.1978881   1.1377142E-4
  NaN                   1    97      107.17874     4665.42998              0.0       31.7147295     166885.66234       9489.51292              0.0     1.9054484E+6        1740000.0              0.0              0.0              0.0      24964.29177      16878.55166      1.8016792   9.3261902E-5
  NaN                   1    98      109.32232     4774.75230              0.0       25.1690487     166883.90532       9490.06154              0.0     1.9054612E+6        1740000.0              0.0              0.0              0.0      24968.81419      16874.80488      1.4764845   7.6428450E-5
  NaN                   1    99      111.50876     4886.26106              0.0       16.2811538     166882.79941       9490.36442              0.0     1.9054697E+6        1740000.0              0.0              0.0              0.0      24972.89548      16871.55055      7.8259187   4.0509934E-4
  NaN                   1   100      113.73894     5000.00000              0.0       12.7626584     166881.85475       9490.64002              0.0     1.9054764E+6        1740000.0              0.0              0.0              0.0      24974.48124      16870.25135      6.2363849   3.2281877E-4
