SP TS  5  50  ITER 4  DELT 14.602  (NROW,NCOL,NLAY) = (21, 14, 2)   ERROR 2.7875252E-6 %  FORMAT "(*(ES12.5, :, 1x))"     LAY 1
 1.76891E+02  1.76471E+02  1.75678E+02  1.74616E+02  1.73197E+02  1.71481E+02  1.69739E+02  1.67654E+02  1.65162E+02  1.62459E+02  1.59052E+02  1.54539E+02  1.48424E+02  1.39000E+02
 1.76633E+02  1.76140E+02  1.75191E+02  1.74165E+02  1.72609E+02  1.70534E+02  1.69066E+02  1.66966E+02  1.64150E+02  1.61774E+02  1.58418E+02  1.53674E+02  1.47715E+02  1.38000E+02
 1.76171E+02  1.75521E+02  1.73960E+02  1.73379E+02  1.71562E+02  1.67825E+02  1.67912E+02  1.65793E+02  1.61288E+02  1.60600E+02  1.57361E+02  1.51472E+02  1.46620E+02  1.37000E+02
 1.75624E+02  1.75006E+02  1.73885E+02  1.72871E+02  1.71279E+02  1.69104E+02  1.67702E+02  1.65594E+02  1.62689E+02  1.60384E+02  1.57002E+02  1.52105E+02  1.46087E+02  1.36000E+02
 1.74930E+02  1.74167E+02  1.72776E+02  1.71976E+02  1.70500E+02  1.68362E+02  1.66981E+02  1.64879E+02  1.61966E+02  1.59644E+02  1.56182E+02  1.51102E+02  1.45171E+02  1.35000E+02
 1.74191E+02  1.73065E+02  1.70019E+02  1.70727E+02  1.69267E+02  1.65566E+02  1.65731E+02  1.63618E+02  1.59047E+02  1.58353E+02  1.54856E+02  1.47895E+02  1.43826E+02  1.34000E+02
 1.73725E+02  1.72858E+02  1.71317E+02  1.70505E+02  1.69011E+02  1.66823E+02  1.65405E+02  1.63278E+02  1.60352E+02  1.58036E+02  1.54556E+02  1.49412E+02  1.43435E+02  1.33000E+02
 1.73278E+02  1.72383E+02  1.70782E+02  1.69885E+02  1.68285E+02  1.65986E+02  1.64483E+02  1.62308E+02  1.59372E+02  1.57077E+02  1.53631E+02  1.48515E+02  1.42536E+02  1.32000E+02
 1.72875E+02  1.71662E+02  1.68414E+02  1.68865E+02  1.67059E+02  1.62958E+02  1.62863E+02  1.60599E+02  1.55963E+02  1.55381E+02  1.52000E+02  1.45098E+02  1.41095E+02  1.31000E+02
 1.72830E+02  1.71937E+02  1.70245E+02  1.68910E+02  1.66757E+02  1.63900E+02  1.61877E+02  1.59499E+02  1.56634E+02  1.54406E+02  1.51187E+02  1.46412E+02  1.40558E+02  1.30000E+02
 1.72871E+02  1.72107E+02  1.70638E+02  1.68652E+02  1.65862E+02  1.62458E+02  1.59612E+02  1.57088E+02  1.54642E+02  1.52250E+02  1.49311E+02  1.45267E+02  1.39392E+02  1.29000E+02
 1.72911E+02  1.72153E+02  1.70590E+02  1.68068E+02  1.64160E+02  1.58636E+02  1.54960E+02  1.52353E+02  1.50194E+02  1.48054E+02  1.45596E+02  1.42256E+02  1.37214E+02  1.28000E+02
 1.72976E+02  1.72208E+02  1.70556E+02  1.67640E+02  1.62260E+02  1.49999E+02  1.45915E+02  1.43655E+02  1.42134E+02  1.40461E+02  1.38837E+02  1.36474E+02  1.33272E+02  1.27000E+02
 1.73099E+02  1.72370E+02  1.70838E+02  1.68317E+02  1.64441E+02  1.58964E+02  1.55253E+02  1.52567E+02  1.50302E+02  1.48043E+02  1.45411E+02  1.41778E+02  1.36182E+02  1.26000E+02
 1.73258E+02  1.72583E+02  1.71221E+02  1.69172E+02  1.66482E+02  1.63257E+02  1.60332E+02  1.57687E+02  1.55094E+02  1.52437E+02  1.49150E+02  1.44570E+02  1.37489E+02  1.25000E+02
 1.73416E+02  1.72755E+02  1.71455E+02  1.69656E+02  1.67787E+02  1.65617E+02  1.63291E+02  1.60841E+02  1.58188E+02  1.55190E+02  1.51401E+02  1.46124E+02  1.38043E+02  1.24000E+02
 1.73565E+02  1.72847E+02  1.71369E+02  1.69266E+02  1.68349E+02  1.66965E+02  1.65097E+02  1.62836E+02  1.60168E+02  1.56948E+02  1.52792E+02  1.47004E+02  1.38203E+02  1.23000E+02
 1.73759E+02  1.72962E+02  1.71035E+02  1.66608E+02  1.68397E+02  1.67818E+02  1.66272E+02  1.64131E+02  1.61444E+02  1.58070E+02  1.53651E+02  1.47484E+02  1.38139E+02  1.22000E+02
 1.74083E+02  1.73452E+02  1.72157E+02  1.70336E+02  1.69766E+02  1.68741E+02  1.67140E+02  1.64994E+02  1.62262E+02  1.58774E+02  1.54163E+02  1.47715E+02  1.37942E+02  1.21000E+02
 1.74395E+02  1.73909E+02  1.72983E+02  1.71787E+02  1.70727E+02  1.69429E+02  1.67725E+02  1.65535E+02  1.62754E+02  1.59184E+02  1.54443E+02  1.47792E+02  1.37678E+02  1.20000E+02
 1.74577E+02  1.74161E+02  1.73379E+02  1.72343E+02  1.71181E+02  1.69780E+02  1.68019E+02  1.65797E+02  1.62987E+02  1.59373E+02  1.54562E+02  1.47792E+02  1.37435E+02  1.19000E+02
LAY 2
 1.71142E+02  1.70803E+02  1.70136E+02  1.69154E+02  1.67880E+02  1.66345E+02  1.64582E+02  1.62588E+02  1.60377E+02  1.57999E+02  1.55518E+02  1.53137E+02  1.51277E+02  1.50059E+02
 1.71002E+02  1.70660E+02  1.69989E+02  1.68991E+02  1.67699E+02  1.66144E+02  1.64385E+02  1.62384E+02  1.60146E+02  1.57730E+02  1.55123E+02  1.52500E+02  1.50873E+02  1.49763E+02
 1.70736E+02  1.70390E+02  1.69736E+02  1.68693E+02  1.67373E+02  1.65781E+02  1.64040E+02  1.62034E+02  1.59759E+02  1.57315E+02  1.54472E+02  1.50767E+02  1.50217E+02  1.49337E+02
 1.70365E+02  1.70001E+02  1.69299E+02  1.68281E+02  1.66970E+02  1.65397E+02  1.63638E+02  1.61642E+02  1.59415E+02  1.57026E+02  1.54443E+02  1.51824E+02  1.50190E+02  1.49059E+02
 1.69919E+02  1.69533E+02  1.68796E+02  1.67780E+02  1.66469E+02  1.64893E+02  1.63135E+02  1.61151E+02  1.58960E+02  1.56653E+02  1.54235E+02  1.51874E+02  1.50001E+02  1.48740E+02
 1.69443E+02  1.69029E+02  1.68242E+02  1.67227E+02  1.65896E+02  1.64282E+02  1.62536E+02  1.60558E+02  1.58371E+02  1.56142E+02  1.53808E+02  1.51502E+02  1.49604E+02  1.48304E+02
 1.68985E+02  1.68563E+02  1.67768E+02  1.66697E+02  1.65327E+02  1.63698E+02  1.61905E+02  1.59919E+02  1.57769E+02  1.55553E+02  1.53267E+02  1.51022E+02  1.49090E+02  1.47760E+02
 1.68555E+02  1.68112E+02  1.67276E+02  1.66148E+02  1.64712E+02  1.63017E+02  1.61174E+02  1.59164E+02  1.57017E+02  1.54826E+02  1.52577E+02  1.50364E+02  1.48446E+02  1.47116E+02
 1.68176E+02  1.67698E+02  1.66786E+02  1.65595E+02  1.64058E+02  1.62239E+02  1.60335E+02  1.58285E+02  1.56114E+02  1.53971E+02  1.51762E+02  1.49567E+02  1.47706E+02  1.46401E+02
 1.67884E+02  1.67389E+02  1.66439E+02  1.65118E+02  1.63436E+02  1.61485E+02  1.59433E+02  1.57334E+02  1.55194E+02  1.53065E+02  1.50915E+02  1.48808E+02  1.46962E+02  1.45666E+02
 1.67674E+02  1.67158E+02  1.66147E+02  1.64684E+02  1.62809E+02  1.60632E+02  1.58375E+02  1.56243E+02  1.54145E+02  1.52069E+02  1.50001E+02  1.47990E+02  1.46200E+02  1.44940E+02
 1.67548E+02  1.67008E+02  1.65934E+02  1.64334E+02  1.62228E+02  1.59707E+02  1.57091E+02  1.55046E+02  1.53034E+02  1.51052E+02  1.49086E+02  1.47178E+02  1.45475E+02  1.44284E+02
 1.67516E+02  1.66965E+02  1.65858E+02  1.64180E+02  1.61900E+02  1.58967E+02  1.55414E+02  1.54042E+02  1.52129E+02  1.50268E+02  1.48406E+02  1.46570E+02  1.44928E+02  1.43795E+02
 1.67582E+02  1.67041E+02  1.65961E+02  1.64342E+02  1.62197E+02  1.59594E+02  1.56805E+02  1.54445E+02  1.52005E+02  1.50301E+02  1.48499E+02  1.46610E+02  1.44842E+02  1.43572E+02
 1.67728E+02  1.67214E+02  1.66196E+02  1.64699E+02  1.62765E+02  1.60459E+02  1.57897E+02  1.55086E+02  1.51287E+02  1.50622E+02  1.48936E+02  1.46932E+02  1.44980E+02  1.43544E+02
 1.67929E+02  1.67444E+02  1.66493E+02  1.65121E+02  1.63395E+02  1.61347E+02  1.59035E+02  1.56500E+02  1.53804E+02  1.51813E+02  1.49675E+02  1.47400E+02  1.45224E+02  1.43627E+02
 1.68159E+02  1.67697E+02  1.66798E+02  1.65521E+02  1.63980E+02  1.62147E+02  1.60041E+02  1.57712E+02  1.55252E+02  1.52871E+02  1.50405E+02  1.47874E+02  1.45490E+02  1.43749E+02
 1.68400E+02  1.67960E+02  1.67099E+02  1.65874E+02  1.64494E+02  1.62817E+02  1.60849E+02  1.58629E+02  1.56213E+02  1.53673E+02  1.51003E+02  1.48276E+02  1.45719E+02  1.43858E+02
 1.68636E+02  1.68229E+02  1.67438E+02  1.66321E+02  1.64979E+02  1.63363E+02  1.61459E+02  1.59283E+02  1.56864E+02  1.54237E+02  1.51439E+02  1.48572E+02  1.45885E+02  1.43929E+02
 1.68825E+02  1.68446E+02  1.67709E+02  1.66658E+02  1.65341E+02  1.63748E+02  1.61869E+02  1.59706E+02  1.57273E+02  1.54594E+02  1.51718E+02  1.48760E+02  1.45982E+02  1.43954E+02
 1.68931E+02  1.68566E+02  1.67856E+02  1.66834E+02  1.65531E+02  1.63946E+02  1.62075E+02  1.59914E+02  1.57471E+02  1.54767E+02  1.51853E+02  1.48848E+02  1.46021E+02  1.43948E+02
