         DATE_START   PER   STP           DELT        SIMTIME       STORAGE_IN      STORAGE_OUT           CHD_IN          CHD_OUT           DRN_IN          DRN_OUT           RCH_IN          RCH_OUT          MNW1_IN         MNW1_OUT         IN_OUT  PERCENT_ERROR
  NaN                   1     1     2988.88773     2988.88773              0.0              0.0              0.0     1.7811259E+6              0.0     948872.55349        2730000.0              0.0      20080.43970      20080.43970      1.5298245   5.5628368E-5
  NaN                   1     2     3885.55405     6874.44179              0.0              0.0              0.0     1.7811260E+6              0.0     948872.61624        2730000.0              0.0      20080.45446      20080.45446      1.3504278   4.9105042E-5
  NaN                   1     3     5051.22027    11925.66205              0.0              0.0              0.0     1.7811262E+6              0.0     948872.66135        2730000.0              0.0      20080.46802      20080.46802      1.1784115   4.2850084E-5
  NaN                   1     4     6566.58635    18492.24840              0.0              0.0              0.0     1.7811263E+6              0.0     948872.70693        2730000.0              0.0      20080.47492      20080.47492      1.0277506   3.7371664E-5
  NaN                   1     5     8536.56225    27028.81066              0.0              0.0              0.0     1.7811264E+6              0.0     948872.74002        2730000.0              0.0      20080.48076      20080.48076      0.8956354   3.2567612E-5
  NaN                   1     6    11097.53093    38126.34159              0.0              0.0              0.0     1.7811264E+6              0.0     948872.77531        2730000.0              0.0      20080.48380      20080.48380      0.7811148   2.8403346E-5
  NaN                   1     7    14426.79021    52553.13180              0.0              0.0              0.0     1.7811265E+6              0.0     948872.80091        2730000.0              0.0      20080.48766      20080.48766      0.6823514   2.4812055E-5
  NaN                   1     8    18754.82727    71307.95907              0.0              0.0              0.0     1.7811266E+6              0.0     948872.82897        2730000.0              0.0      20080.48962      20080.48962      0.5956572   2.1659632E-5
  NaN                   1     9    24381.27545    95689.23453              0.0              0.0              0.0     1.7811266E+6              0.0     948872.84916        2730000.0              0.0      20080.49243      20080.49243      0.5217127   1.8970818E-5
  NaN                   1    10    31695.65809   127384.89262              0.0              0.0              0.0     1.7811267E+6              0.0     948872.87164        2730000.0              0.0      20080.49375      20080.49375      0.4559225   1.6578515E-5
  NaN                   1    11    41204.35552   168589.24813              0.0              0.0              0.0     1.7811267E+6              0.0     948872.88765        2730000.0              0.0      20080.49583      20080.49583      0.4003558   1.4557966E-5
  NaN                   1    12    53565.66217   222154.91031              0.0              0.0              0.0     1.7811267E+6              0.0     948872.90572        2730000.0              0.0      20080.49674      20080.49674      0.3502567   1.2736236E-5
  NaN                   1    13    69635.36083   291790.27113              0.0              0.0              0.0     1.7811268E+6              0.0     948872.91844        2730000.0              0.0      20080.49832      20080.49832      0.3083307   1.1211700E-5
  NaN                   1    14    90525.96907   382316.24021              0.0              0.0              0.0     1.7811268E+6              0.0     948872.93298        2730000.0              0.0      20080.49896      20080.49896      0.2700394   9.8193262E-6
  NaN                   1    15   117683.75979   500000.00000              0.0              0.0              0.0     1.7811268E+6              0.0     948872.94309        2730000.0              0.0      20080.50016      20080.50016      0.2382759   8.6643263E-6
  NaN                   2     1     2988.88773   502988.88773              0.0              0.0              0.0     1.1465714E+6              0.0     646806.63206        2730000.0              0.0        144.15390     936765.62426      0.4986435   1.8264366E-5
  NaN                   2     2     3885.55405   506874.44179              0.0              0.0              0.0     1.1465714E+6              0.0     646806.67541        2730000.0              0.0        144.16678     936765.57003      0.5144688   1.8844019E-5
  NaN                   2     3     5051.22027   511925.66205              0.0              0.0              0.0     1.1465714E+6              0.0     646806.72303        2730000.0              0.0        144.16972     936765.54292      0.4898286   1.7941492E-5
  NaN                   2     4     6566.58635   518492.24840              0.0              0.0              0.0     1.1465714E+6              0.0     646806.75767        2730000.0              0.0        144.17496     936765.53979      0.4504909   1.6500628E-5
  NaN                   2     5     8536.56225   527028.81066              0.0              0.0              0.0     1.1465714E+6              0.0     646806.79566        2730000.0              0.0        144.17729     936765.53734      0.4087054   1.4970104E-5
  NaN                   2     6    11097.53093   538126.34159              0.0              0.0              0.0     1.1465714E+6              0.0     646806.82344        2730000.0              0.0        144.18048     936765.53955      0.3701212   1.3556838E-5
  NaN                   2     7    14426.79021   552553.13180              0.0              0.0              0.0     1.1465715E+6              0.0     646806.85412        2730000.0              0.0        144.18182     936765.54003      0.3327425   1.2187727E-5
  NaN                   2     8    18754.82727   571307.95907              0.0              0.0              0.0     1.1465715E+6              0.0     646806.87643        2730000.0              0.0        144.18404     936765.54283      0.3000102   1.0988803E-5
  NaN                   2     9    24381.27545   595689.23453              0.0              0.0              0.0     1.1465715E+6              0.0     646806.90121        2730000.0              0.0        144.18490     936765.54383      0.2687830   9.8450121E-6
  NaN                   2    10    31695.65809   627384.89262              0.0              0.0              0.0     1.1465715E+6              0.0     646806.91910        2730000.0              0.0        144.18654     936765.54649      0.2418540   8.8586543E-6
  NaN                   2    11    41204.35552   668589.24813              0.0              0.0              0.0     1.1465715E+6              0.0     646806.93910        2730000.0              0.0        144.18712     936765.54756      0.2162314   7.9201468E-6
  NaN                   2    12    53565.66217   722154.91031              0.0              0.0              0.0     1.1465715E+6              0.0     646806.95341        2730000.0              0.0        144.18837     936765.54992      0.1943418   7.1183701E-6
  NaN                   2    13    69635.36083   791790.27113              0.0              0.0              0.0     1.1465715E+6              0.0     646806.96953        2730000.0              0.0        144.18877     936765.55094      0.1734999   6.3549727E-6
  NaN                   2    14    90525.96907   882316.24021              0.0              0.0              0.0     1.1465715E+6              0.0     646806.98097        2730000.0              0.0        144.18974     936765.55298      0.1558288   5.7077130E-6
  NaN                   2    15   117683.75979      1000000.0              0.0              0.0              0.0     1.1465715E+6              0.0     646806.99394        2730000.0              0.0        144.19003     936765.55389      0.1389680   5.0901357E-6
  NaN                   3     1      0.3586665   1.0000004E+6     1.9699681E+6      14434.53120              0.0     1.1456295E+6              0.0     646158.91175        779756.25              0.0        127.30079     943628.69226      0.0245812   8.9390961E-7
  NaN                   3     2      0.4662665   1.0000008E+6     1.9665719E+6      13593.81549              0.0     1.1443564E+6              0.0     645328.85895        779756.25              0.0        115.55661     943165.37891      0.7298589  -2.6574687E-5
  NaN                   3     3      0.6061464   1.0000014E+6     1.9622178E+6      12565.31329              0.0     1.1426712E+6              0.0     644269.60609        779756.25              0.0        108.11999     942576.61767      0.5569120  -2.0309818E-5
  NaN                   3     4      0.7879904   1.0000022E+6     1.9567102E+6      11330.19133              0.0     1.1404770E+6              0.0     642924.02658        779756.25              0.0        102.94328     941838.44084      0.1934431  -7.0688168E-6
  NaN                   3     5      1.0243875   1.0000032E+6     1.9498262E+6       9879.80975              0.0     1.1376522E+6              0.0     641224.23920        779756.25              0.0       98.4701569     940924.53665      0.1386644   5.0798772E-6
  NaN                   3     6      1.3317037   1.0000046E+6     1.9413154E+6       8222.32125              0.0     1.1340450E+6              0.0     639091.14958        779756.25              0.0       93.4821057     939806.14942      0.5046290   1.8544596E-5
  NaN                   3     7      1.7312148   1.0000063E+6     1.9309011E+6       6389.34235              0.0     1.1294689E+6              0.0     636434.41038        779756.25              0.0       87.0419889     938451.92183      0.1698358  -6.2652809E-6
  NaN                   3     8      2.2505793   1.0000086E+6     1.9182875E+6       4440.21713              0.0     1.1237021E+6              0.0     633152.60059        779756.25              0.0       78.3010125     936827.28340      0.1373641  -5.0910992E-6
  NaN                   3     9      2.9257531   1.0000115E+6     1.9031500E+6       2460.65770              0.0     1.1164877E+6              0.0     629132.89946        779756.25              0.0       66.2506920     934891.28425      0.0555146  -2.0691465E-6
  NaN                   3    10      3.8034790   1.0000153E+6     1.8851252E+6        553.12242              0.0     1.1075369E+6              0.0     624249.21219        779756.25              0.0       49.5690753     932591.67638      0.1255770   4.7122028E-6
  NaN                   3    11      4.9445227   1.0000202E+6     1.8649659E+6              0.0              0.0     1.0965330E+6              0.0     618357.56254        779756.25              0.0       26.4694995     929857.57939      0.4770167   1.8036374E-5
  NaN                   3    12      6.4278795   1.0000267E+6     1.8412659E+6              0.0              0.0     1.0831370E+6              0.0     611288.22165        779756.25              0.0              0.0     926596.76201      0.1637140   6.2461907E-6
  NaN                   3    13      8.3562433   1.0000350E+6     1.8127852E+6              0.0              0.0     1.0669923E+6              0.0     602836.79264        779756.25              0.0              0.0     922712.48873      0.0979899  -3.7796845E-6
  NaN                   3    14     10.8631163   1.0000459E+6     1.7787421E+6              0.0              0.0     1.0477267E+6              0.0     592755.85206        779756.25              0.0              0.0     918015.90072      0.0911557  -3.5628597E-6
  NaN                   3    15     14.1220512      1000060.0     1.7382571E+6              0.0              0.0     1.0249512E+6              0.0     580751.94833        779756.25              0.0              0.0     912310.23550      0.0377157  -1.4978339E-6
  NaN                   4     1      1.0759996   1.0000611E+6     2.5128348E+6              0.0              0.0     1.0220716E+6              0.0     579083.09420              0.0              0.0              0.0     911680.92578      0.8354267  -3.3246379E-5
  NaN                   4     2      1.3987995   1.0000625E+6     2.5061376E+6              0.0              0.0     1.0183232E+6              0.0     576963.23584              0.0              0.0              0.0     910850.91707      0.2860815   1.1415235E-5
  NaN                   4     3      1.8184393   1.0000643E+6     2.4975764E+6              0.0              0.0     1.0135167E+6              0.0     574282.83538              0.0              0.0              0.0     909777.32435      0.4538175  -1.8170312E-5
  NaN                   4     4      2.3639711   1.0000667E+6     2.4867121E+6              0.0              0.0     1.0074029E+6              0.0     570910.83892              0.0              0.0              0.0     908398.62017      0.3050754  -1.2268222E-5
  NaN                   4     5      3.0731624   1.0000697E+6     2.4729996E+6              0.0              0.0     999674.38530              0.0     566691.03706              0.0              0.0              0.0     906634.30331      0.1544115  -6.2438960E-6
  NaN                   4     6      3.9951111   1.0000737E+6     2.4557862E+6              0.0              0.0     989965.97935              0.0     561437.27074              0.0              0.0              0.0     904382.85976      0.0992168   4.0401221E-6
  NaN                   4     7      5.1936445   1.0000789E+6     2.4343008E+6              0.0              0.0     977855.04228              0.0     554927.07027              0.0              0.0              0.0     901518.16654      0.5488019   2.2544544E-5
  NaN                   4     8      6.7517378   1.0000857E+6     2.4076398E+6              0.0              0.0     962861.33562              0.0     546893.77502              0.0              0.0              0.0     897885.10474      0.4088328  -1.6980647E-5
  NaN                   4     9      8.7772592   1.0000944E+6     2.3747624E+6              0.0              0.0     944448.30862              0.0     537019.21662              0.0              0.0              0.0     893295.14971      0.2595647  -1.0930131E-5
  NaN                   4    10     11.4104369   1.0001059E+6     2.3344747E+6              0.0              0.0     922025.82988              0.0     524927.00606              0.0              0.0              0.0     887521.94031      0.0441355  -1.8905964E-6
  NaN                   4    11     14.8335680   1.0001207E+6     2.2854361E+6              0.0              0.0     894954.15502              0.0     510182.37524              0.0              0.0              0.0     880299.48024      0.0469120   2.0526498E-6
  NaN                   4    12     19.2836384   1.0001400E+6     2.2261672E+6              0.0              0.0     862552.63704              0.0     492294.54098              0.0              0.0              0.0     871320.37926      0.3872541  -1.7395553E-5
  NaN                   4    13     25.0687299   1.0001650E+6     2.1550803E+6              0.0              0.0     824114.10020              0.0     470726.28457              0.0              0.0              0.0     860240.19237      0.2672934  -1.2402945E-5
  NaN                   4    14     32.5893489   1.0001976E+6     2.0088272E+6       5301.66613              0.0     788030.90624              0.0     445103.62649              0.0              0.0       2766.81059     773154.77258      3.0612883   1.5218233E-4
  NaN                   4    15     42.3661535   1.0002400E+6     1.9089860E+6              0.0              0.0     738894.53633              0.0     414692.09893              0.0              0.0       1793.42430     757193.42430      0.6363186  -3.3301517E-5
  NaN                   5     1         14.602   1.0002546E+6              0.0     2.7602763E+6              0.0     808220.26809              0.0     453604.62598        4777500.0              0.0       1181.16530     756581.16530      1.2117800  -2.5358038E-5
  NaN                   5     2         14.602    1000269.204              0.0     2.6709069E+6              0.0     867414.38668              0.0     483779.48951        4777500.0              0.0        724.79223     756124.79223      0.8181264  -1.7121972E-5
  NaN                   5     3         14.602    1000283.806              0.0     2.5944657E+6              0.0     918834.37548              0.0     508800.62641        4777500.0              0.0        346.98620     755746.98620      0.6939032  -1.4523344E-5
  NaN                   5     4         14.602   1.0002984E+6       3029.63794     2.4680589E+6              0.0     955268.81141              0.0     530416.36142        4777500.0              0.0              0.0     826787.39700      1.8693422  -3.9103238E-5
  NaN                   5     5         14.602   1.0003130E+6              0.0     2.4048547E+6              0.0     992968.31722              0.0     549767.35910        4777500.0              0.0              0.0     829909.54430      0.1288625   2.6972798E-6
  NaN                   5     6         14.602   1.0003276E+6              0.0     2.3492296E+6              0.0     1.0273137E+6              0.0     567455.78270        4777500.0              0.0              0.0     833500.91731      0.0928918   1.9443601E-6
  NaN                   5     7         14.602   1.0003422E+6       3254.42367     2.2749733E+6              0.0     1.0588763E+6              0.0     583850.02604        4777500.0              0.0              0.0     863055.24293      0.4522815  -9.4604625E-6
  NaN                   5     8         14.602   1.0003568E+6      11355.18701     2.1915418E+6              0.0     1.0880255E+6              0.0     599193.56873        4777500.0              0.0              0.0     910092.60602      1.7301982   3.6129691E-5
  NaN                   5     9         14.602   1.0003714E+6       1628.87993     2.1360576E+6              0.0     1.1152447E+6              0.0     613662.86400        4777500.0              0.0              0.0     914163.78702      0.0480408  -1.0052202E-6
  NaN                   5    10         14.602   1.0003860E+6              0.0     2.0899906E+6              0.0     1.1408122E+6              0.0     627387.49865        4777500.0              0.0              0.0     919309.73953      0.0252349  -5.2820378E-7
  NaN                   5    11         14.602   1.0004006E+6              0.0     2.0472296E+6              0.0     1.1649415E+6              0.0     640466.99922        4777500.0              0.0              0.0     924861.88096      0.0193374   4.0475960E-7
  NaN                   5    12         14.602   1.0004152E+6              0.0     2.0061761E+6              0.0     1.1878047E+6              0.0     652979.74114        4777500.0              0.0              0.0     930539.43220      0.0640117   1.3398569E-6
  NaN                   5    13         14.602   1.0004298E+6              0.0     1.9667473E+6              0.0     1.2095437E+6              0.0     664988.88336        4777500.0              0.0              0.0     936220.04691      0.0973333   2.0373277E-6
  NaN                   5    14         14.602   1.0004444E+6              0.0     1.9288277E+6              0.0     1.2302773E+6              0.0     676546.25964        4777500.0              0.0              0.0     941848.68710      0.1157023   2.4218164E-6
  NaN                   5    15         14.602   1.0004590E+6              0.0     1.8922985E+6              0.0     1.2501061E+6              0.0     687695.04710        4777500.0              0.0              0.0     947400.22742      0.1192918   2.4969504E-6
  NaN                   5    16         14.602   1.0004736E+6              0.0     1.8570485E+6              0.0     1.2691162E+6              0.0     698471.66368        4777500.0              0.0              0.0     952863.45295      0.1104857   2.3126264E-6
  NaN                   5    17         14.602   1.0004882E+6              0.0     1.8229773E+6              0.0     1.2873815E+6              0.0     708907.15726        4777500.0              0.0              0.0     958233.89749      0.0929126   1.9447952E-6
  NaN                   5    18         14.602   1.0005028E+6              0.0     1.7899943E+6              0.0     1.3049661E+6              0.0     719027.99925        4777500.0              0.0              0.0     963509.62886      1.9984670   4.1830820E-5
  NaN                   5    19         14.602   1.0005174E+6              0.0     1.7580220E+6              0.0     1.3219253E+6              0.0     728857.82199        4777500.0              0.0              0.0     968692.94584      1.9348057   4.0498295E-5
  NaN                   5    20         14.602   1.0005320E+6              0.0     1.7269888E+6              0.0     1.3383079E+6              0.0     738416.76920        4777500.0              0.0              0.0     973784.65599      1.8655322   3.9048300E-5
  NaN                   5    21         14.602   1.0005466E+6              0.0     1.6968322E+6              0.0     1.3541566E+6              0.0     747722.62300        4777500.0              0.0        104.38212     978891.13606      1.8369320   3.8448816E-5
  NaN                   5    22         14.602   1.0005612E+6              0.0     1.6674965E+6              0.0     1.3695090E+6              0.0     756791.15654        4777500.0              0.0        235.07844     983936.51105      1.8766048   3.9278134E-5
  NaN                   5    23         14.602   1.0005758E+6      11870.18707     1.6103295E+6              0.0     1.3843346E+6              0.0     765632.31932        4777500.0              0.0        413.87398     1.0294883E+6      0.6727630  -1.4045790E-5
  NaN                   5    24         14.602   1.0005904E+6       2473.61004     1.5740292E+6              0.0     1.3987118E+6              0.0     774258.77702        4777500.0              0.0        576.11790     1.0335497E+6      0.3056868   6.3943859E-6
  NaN                   5    25         14.602   1.0006050E+6              0.0     1.5442884E+6              0.0     1.4126691E+6              0.0     782682.25380        4777500.0              0.0        724.34100     1.0385845E+6      0.0319412   6.6847523E-7
  NaN                   5    26         14.602   1.0006197E+6              0.0     1.5176833E+6              0.0     1.4262949E+6              0.0     790913.82921        4777500.0              0.0        861.26824     1.0434667E+6      2.6227980   5.4889084E-5
  NaN                   5    27         14.602   1.0006343E+6              0.0     1.4926897E+6              0.0     1.4397427E+6              0.0     798964.98870        4777500.0              0.0        987.04458     1.0470895E+6      0.1923274   4.0248604E-6
  NaN                   5    28         14.602   1.0006489E+6              0.0     1.4680918E+6              0.0     1.4529063E+6              0.0     806843.93924        4777500.0              0.0       1108.14776     1.0507652E+6      0.9953771   2.0829855E-5
  NaN                   5    29         14.602   1.0006635E+6              0.0     1.4439282E+6              0.0     1.4657916E+6              0.0     814558.22663        4777500.0              0.0       1226.04774     1.0544471E+6      0.9759225   2.0422233E-5
  NaN                   5    30         14.602   1.0006781E+6              0.0     1.4202068E+6              0.0     1.4784061E+6              0.0     822114.67469        4777500.0              0.0       1341.64088     1.0581131E+6      0.9490013   1.9858398E-5
  NaN                   5    31         14.602   1.0006927E+6              0.0     1.3969264E+6              0.0     1.4907570E+6              0.0     829519.58274        4777500.0              0.0       1455.48088     1.0617516E+6      0.9274606   1.9407183E-5
  NaN                   5    32         14.602   1.0007073E+6              0.0     1.3742833E+6              0.0     1.5028521E+6              0.0     836778.84342        4777500.0              0.0       1567.85100     1.0651530E+6      0.6174739   1.2920385E-5
  NaN                   5    33         14.602   1.0007219E+6              0.0     1.3526977E+6              0.0     1.5147015E+6              0.0     843897.80274        4777500.0              0.0       1678.38530     1.0678803E+6      1.0105674   2.1145215E-5
  NaN                   5    34         14.602   1.0007365E+6              0.0     1.3315077E+6              0.0     1.5263134E+6              0.0     850881.64231        4777500.0              0.0       1787.46312     1.0705836E+6      0.9917133   2.0750235E-5
  NaN                   5    35         14.602   1.0007511E+6              0.0     1.3111874E+6              0.0     1.5376965E+6              0.0     857735.19496        4777500.0              0.0       1894.46772     1.0727756E+6      0.1136848  -2.3786441E-6
  NaN                   5    36         14.602   1.0007657E+6              0.0     1.2920998E+6              0.0     1.5488596E+6              0.0     864462.95880        4777500.0              0.0       1998.70941     1.0740764E+6      0.0149146  -3.1205307E-7
  NaN                   5    37         14.602   1.0007803E+6              0.0     1.2733540E+6              0.0     1.5598109E+6              0.0     871069.19036        4777500.0              0.0       2100.69394     1.0753656E+6      1.0183485   2.1306145E-5
  NaN                   5    38         14.602   1.0007949E+6              0.0     1.2549406E+6              0.0     1.5705580E+6              0.0     877558.03986        4777500.0              0.0       2201.06191     1.0766435E+6      1.0013692   2.0950460E-5
  NaN                   5    39         14.602   1.0008095E+6              0.0     1.2368475E+6              0.0     1.5811083E+6              0.0     883933.25612        4777500.0              0.0       2300.13066     1.0779101E+6      0.9895395   2.0702531E-5
  NaN                   5    40         14.602   1.0008241E+6              0.0     1.2190646E+6              0.0     1.5914686E+6              0.0     890198.38502        4777500.0              0.0       2398.14841     1.0791656E+6      0.9816259   2.0536546E-5
  NaN                   5    41         14.602   1.0008387E+6              0.0     1.2015822E+6              0.0     1.6016453E+6              0.0     896356.78073        4777500.0              0.0       2495.28093     1.0804100E+6      0.9762530   2.0423725E-5
  NaN                   5    42         14.602   1.0008533E+6              0.0     1.1843912E+6              0.0     1.6116446E+6              0.0     902411.61875        4777500.0              0.0       2591.63593     1.0816433E+6      0.9724533   2.0343824E-5
  NaN                   5    43         14.602   1.0008679E+6              0.0     1.1674828E+6              0.0     1.6214719E+6              0.0     908365.90842        4777500.0              0.0       2687.28159     1.0828656E+6      0.9695691   2.0283080E-5
  NaN                   5    44         14.602   1.0008825E+6              0.0     1.1508492E+6              0.0     1.6311327E+6              0.0     914222.50403        4777500.0              0.0       2782.25958     1.0840769E+6      0.9671600   2.0232281E-5
  NaN                   5    45         14.602   1.0008971E+6              0.0     1.1344825E+6              0.0     1.6406319E+6              0.0     919984.11472        4777500.0              0.0       2876.59380     1.0852771E+6      0.9649339   2.0185312E-5
  NaN                   5    46         14.602   1.0009117E+6              0.0     1.1183758E+6              0.0     1.6499742E+6              0.0     925653.31323        4777500.0              0.0       2970.29632     1.0864661E+6      0.9626976   2.0138139E-5
  NaN                   5    47         14.602   1.0009263E+6              0.0     1.1025220E+6              0.0     1.6591638E+6              0.0     931232.54382        4777500.0              0.0       3063.37124     1.0876440E+6      0.9603249   2.0088113E-5
  NaN                   5    48         14.602   1.0009409E+6              0.0     1.0869149E+6              0.0     1.6682051E+6              0.0     936724.12958        4777500.0              0.0       3155.81736     1.0888108E+6      0.9577332   2.0033512E-5
  NaN                   5    49         14.602   1.0009555E+6              0.0     1.0723166E+6              0.0     1.6771032E+6              0.0     942130.44711        4777500.0              0.0       3246.61985     1.0891966E+6      0.2759916  -5.7729810E-6
  NaN                   5    50         14.602   1.0009701E+6              0.0     1.0582338E+6              0.0     1.6858628E+6              0.0     947453.54967        4777500.0              0.0       3336.04467     1.0892860E+6      0.1332670  -2.7875252E-6
