DATE_START             PER    STP           DELT  WELLID      NODE             RATE        NODE_HEAD        CELL_HEAD        CELL_BOTM        NODE_COND   LAY   ROW   COL
0.0                      1      1            1.0  WELL-A         1       -0.3013659        4.9322630        4.9342089      -10.0000000        154.87452     2    30    41
0.0                      1      1            1.0  WELL-A         2       -0.2378169        4.9322630        4.9337986      -15.0000000        154.87452     3    30    41
0.0                      1      1            1.0  WELL-A         3       -0.1791512        4.9322630        4.9334198      -20.0000000        154.87452     4    30    41
0.0                      1      1            1.0  WELL-A         4       -0.1230792        4.9322630        4.9330577      -25.0000000        154.87452     5    30    41
0.0                      1      1            1.0  WELL-A         5       -0.0690028        4.9322630        4.9327085      -30.0000000        154.87452     6    30    41
0.0                      1      1            1.0  WELL-A         6       -0.0166544        4.9322630        4.9323705      -35.0000000        154.87452     7    30    41
0.0                      1      1            1.0  WELL-A         7        0.0341338        4.9322630        4.9320426      -40.0000000        154.87452     8    30    41
0.0                      1      1            1.0  WELL-A         8        0.0835039        4.9322630        4.9317238      -45.0000000        154.87452     9    30    41
0.0                      1      1            1.0  WELL-A         9        0.1316183        4.9322630        4.9314132      -50.0000000        154.87452    10    30    41
0.0                      1      1            1.0  WELL-A        10        0.1787300        4.9322630        4.9311090      -55.0000000        154.87452    11    30    41
0.0                      1      1            1.0  WELL-A        11        0.2253948        4.9322630        4.9308077      -60.0000000        154.87452    12    30    41
0.0                      1      1            1.0  WELL-A        12        0.2736897        4.9322630        4.9304958      -65.0000000        154.87452    13    30    41
1.0                      2      1      2.0181105  WELL-A         1       -779.18493       -6.5635184       -1.5324458      -10.0000000        154.87452     2    30    41
1.0                      2      1      2.0181105  WELL-A         2       -821.42917       -6.5635184       -1.2596815      -15.0000000        154.87452     3    30    41
1.0                      2      1      2.0181105  WELL-A         3       -838.55403       -6.5635184       -1.1491090      -20.0000000        154.87452     4    30    41
1.0                      2      1      2.0181105  WELL-A         4       -839.82442       -6.5635184       -1.1409063      -25.0000000        154.87452     5    30    41
1.0                      2      1      2.0181105  WELL-A         5       -824.68905       -6.5635184       -1.2386330      -30.0000000        154.87452     6    30    41
1.0                      2      1      2.0181105  WELL-A         6       -780.11890       -6.5635184       -1.5264153      -35.0000000        154.87452     7    30    41
1.0                      2      1      2.0181105  WELL-A         7       -832.53934       -6.5635184       -1.1879449      -40.0000000        154.87452     8    30    41
1.0                      2      1      2.0181105  WELL-A         8       -856.49892       -6.5635184       -1.0332417      -45.0000000        154.87452     9    30    41
1.0                      2      1      2.0181105  WELL-A         9       -866.89885       -6.5635184       -0.9660910      -50.0000000        154.87452    10    30    41
1.0                      2      1      2.0181105  WELL-A        10       -869.29106       -6.5635184       -0.9506449      -55.0000000        154.87452    11    30    41
1.0                      2      1      2.0181105  WELL-A        11       -860.20543       -6.5635184       -1.0093094      -60.0000000        154.87452    12    30    41
1.0                      2      1      2.0181105  WELL-A        12       -830.76590       -6.5635184       -1.1993957      -65.0000000        154.87452    13    30    41
3.0181105                2      2      2.6235437  WELL-A         1       -713.40741       -7.5000000       -2.8936423      -10.0000000        154.87452     2    30    41
3.0181105                2      2      2.6235437  WELL-A         2       -757.98006       -7.5000000       -2.6058438      -15.0000000        154.87452     3    30    41
3.0181105                2      2      2.6235437  WELL-A         3       -775.39811       -7.5000000       -2.4933783      -20.0000000        154.87452     4    30    41
3.0181105                2      2      2.6235437  WELL-A         4       -776.14498       -7.5000000       -2.4885559      -25.0000000        154.87452     5    30    41
3.0181105                2      2      2.6235437  WELL-A         5       -760.10022       -7.5000000       -2.5921543      -30.0000000        154.87452     6    30    41
3.0181105                2      2      2.6235437  WELL-A         6       -714.42001       -7.5000000       -2.8871042      -35.0000000        154.87452     7    30    41
3.0181105                2      2      2.6235437  WELL-A         7       -765.61794       -7.5000000       -2.5565273      -40.0000000        154.87452     8    30    41
3.0181105                2      2      2.6235437  WELL-A         8       -788.27687       -7.5000000       -2.4102222      -45.0000000        154.87452     9    30    41
3.0181105                2      2      2.6235437  WELL-A         9       -797.30318       -7.5000000       -2.3519407      -50.0000000        154.87452    10    30    41
3.0181105                2      2      2.6235437  WELL-A        10       -798.21988       -7.5000000       -2.3460218      -55.0000000        154.87452    11    30    41
3.0181105                2      2      2.6235437  WELL-A        11       -787.45116       -7.5000000       -2.4155537      -60.0000000        154.87452    12    30    41
3.0181105                2      2      2.6235437  WELL-A        12       -755.65624       -7.5000000       -2.6208484      -65.0000000        154.87452    13    30    41
5.6416542                2      3      3.4106068  WELL-A         1       -558.35465       -7.5000000       -3.8947933      -10.0000000        154.87452     2    30    41
5.6416542                2      3      3.4106068  WELL-A         2       -609.73838       -7.5000000       -3.5630167      -15.0000000        154.87452     3    30    41
5.6416542                2      3      3.4106068  WELL-A         3       -630.08394       -7.5000000       -3.4316487      -20.0000000        154.87452     4    30    41
5.6416542                2      3      3.4106068  WELL-A         4       -632.46772       -7.5000000       -3.4162570      -25.0000000        154.87452     5    30    41
5.6416542                2      3      3.4106068  WELL-A         5       -617.45842       -7.5000000       -3.5131696      -30.0000000        154.87452     6    30    41
5.6416542                2      3      3.4106068  WELL-A         6       -572.46002       -7.5000000       -3.8037171      -35.0000000        154.87452     7    30    41
5.6416542                2      3      3.4106068  WELL-A         7       -624.08750       -7.5000000       -3.4703667      -40.0000000        154.87452     8    30    41
5.6416542                2      3      3.4106068  WELL-A         8       -646.96027       -7.5000000       -3.3226809      -45.0000000        154.87452     9    30    41
5.6416542                2      3      3.4106068  WELL-A         9       -655.97773       -7.5000000       -3.2644566      -50.0000000        154.87452    10    30    41
5.6416542                2      3      3.4106068  WELL-A        10       -656.59997       -7.5000000       -3.2604389      -55.0000000        154.87452    11    30    41
5.6416542                2      3      3.4106068  WELL-A        11       -645.04904       -7.5000000       -3.3350214      -60.0000000        154.87452    12    30    41
5.6416542                2      3      3.4106068  WELL-A        12       -611.10708       -7.5000000       -3.5541792      -65.0000000        154.87452    13    30    41
9.0522609                2      4      4.4337888  WELL-A         1       -419.18890       -7.5000000       -4.7933642      -10.0000000        154.87452     2    30    41
9.0522609                2      4      4.4337888  WELL-A         2       -479.25698       -7.5000000       -4.4055143      -15.0000000        154.87452     3    30    41
9.0522609                2      4      4.4337888  WELL-A         3       -502.73309       -7.5000000       -4.2539328      -20.0000000        154.87452     4    30    41
9.0522609                2      4      4.4337888  WELL-A         4       -506.60586       -7.5000000       -4.2289269      -25.0000000        154.87452     5    30    41
9.0522609                2      4      4.4337888  WELL-A         5       -492.44077       -7.5000000       -4.3203886      -30.0000000        154.87452     6    30    41
9.0522609                2      4      4.4337888  WELL-A         6       -447.95590       -7.5000000       -4.6076203      -35.0000000        154.87452     7    30    41
9.0522609                2      4      4.4337888  WELL-A         7       -499.88155       -7.5000000       -4.2723447      -40.0000000        154.87452     8    30    41
9.0522609                2      4      4.4337888  WELL-A         8       -522.87634       -7.5000000       -4.1238710      -45.0000000        154.87452     9    30    41
9.0522609                2      4      4.4337888  WELL-A         9       -531.83466       -7.5000000       -4.0660286      -50.0000000        154.87452    10    30    41
9.0522609                2      4      4.4337888  WELL-A        10       -532.16053       -7.5000000       -4.0639245      -55.0000000        154.87452    11    30    41
9.0522609                2      4      4.4337888  WELL-A        11       -519.89696       -7.5000000       -4.1431084      -60.0000000        154.87452    12    30    41
9.0522609                2      4      4.4337888  WELL-A        12       -484.05364       -7.5000000       -4.3745430      -65.0000000        154.87452    13    30    41
13.4860497               2      5      5.7639254  WELL-A         1       -290.93168       -7.5000000       -5.6215006      -10.0000000        154.87452     2    30    41
13.4860497               2      5      5.7639254  WELL-A         2       -359.42463       -7.5000000       -5.1792526      -15.0000000        154.87452     3    30    41
13.4860497               2      5      5.7639254  WELL-A         3       -386.03159       -7.5000000       -5.0074557      -20.0000000        154.87452     4    30    41
13.4860497               2      5      5.7639254  WELL-A         4       -391.33923       -7.5000000       -4.9731851      -25.0000000        154.87452     5    30    41
13.4860497               2      5      5.7639254  WELL-A         5       -377.92890       -7.5000000       -5.0597735      -30.0000000        154.87452     6    30    41
13.4860497               2      5      5.7639254  WELL-A         6       -333.85959       -7.5000000       -5.3443220      -35.0000000        154.87452     7    30    41
13.4860497               2      5      5.7639254  WELL-A         7       -385.98915       -7.5000000       -5.0077297      -40.0000000        154.87452     8    30    41
13.4860497               2      5      5.7639254  WELL-A         8       -409.02119       -7.5000000       -4.8590155      -45.0000000        154.87452     9    30    41
13.4860497               2      5      5.7639254  WELL-A         9       -417.84944       -7.5000000       -4.8020129      -50.0000000        154.87452    10    30    41
13.4860497               2      5      5.7639254  WELL-A        10       -417.82808       -7.5000000       -4.8021509      -55.0000000        154.87452    11    30    41
13.4860497               2      5      5.7639254  WELL-A        11       -404.83608       -7.5000000       -4.8860381      -60.0000000        154.87452    12    30    41
13.4860497               2      5      5.7639254  WELL-A        12       -367.17241       -7.5000000       -5.1292264      -65.0000000        154.87452    13    30    41
19.2499752               2      6      7.4931031  WELL-A         1       -154.91790       -7.5000000       -6.4997199      -10.0000000        154.87452     2    30    41
19.2499752               2      6      7.4931031  WELL-A         2       -224.10255       -7.5000000       -6.0530057      -15.0000000        154.87452     3    30    41
19.2499752               2      6      7.4931031  WELL-A         3       -251.49482       -7.5000000       -5.8761382      -20.0000000        154.87452     4    30    41
19.2499752               2      6      7.4931031  WELL-A         4       -257.47751       -7.5000000       -5.8375088      -25.0000000        154.87452     5    30    41
19.2499752               2      6      7.4931031  WELL-A         5       -244.60091       -7.5000000       -5.9206510      -30.0000000        154.87452     6    30    41
19.2499752               2      6      7.4931031  WELL-A         6       -200.92942       -7.5000000       -6.2026308      -35.0000000        154.87452     7    30    41
19.2499752               2      6      7.4931031  WELL-A         7       -253.32462       -7.5000000       -5.8643234      -40.0000000        154.87452     8    30    41
19.2499752               2      6      7.4931031  WELL-A         8       -276.48195       -7.5000000       -5.7148002      -45.0000000        154.87452     9    30    41
19.2499752               2      6      7.4931031  WELL-A         9       -285.26643       -7.5000000       -5.6580802      -50.0000000        154.87452    10    30    41
19.2499752               2      6      7.4931031  WELL-A        10       -284.96063       -7.5000000       -5.6600547      -55.0000000        154.87452    11    30    41
19.2499752               2      6      7.4931031  WELL-A        11       -271.24628       -7.5000000       -5.7486061      -60.0000000        154.87452    12    30    41
19.2499752               2      6      7.4931031  WELL-A        12       -231.59495       -7.5000000       -6.0046284      -65.0000000        154.87452    13    30    41
26.7430782               2      7      9.7410340  WELL-A         1       87.2032377       -6.1535941       -6.7166514      -10.0000000        154.87452     2    30    41
26.7430782               2      7      9.7410340  WELL-A         2       18.0808506       -6.1535941       -6.2703392      -15.0000000        154.87452     3    30    41
26.7430782               2      7      9.7410340  WELL-A         3       -9.1838231       -6.1535941       -6.0942956      -20.0000000        154.87452     4    30    41
26.7430782               2      7      9.7410340  WELL-A         4      -14.9672058       -6.1535941       -6.0569532      -25.0000000        154.87452     5    30    41
26.7430782               2      7      9.7410340  WELL-A         5       -1.8091675       -6.1535941       -6.1419126      -30.0000000        154.87452     6    30    41
26.7430782               2      7      9.7410340  WELL-A         6       42.2418972       -6.1535941       -6.4263433      -35.0000000        154.87452     7    30    41
26.7430782               2      7      9.7410340  WELL-A         7       -9.6507668       -6.1535941       -6.0912806      -40.0000000        154.87452     8    30    41
26.7430782               2      7      9.7410340  WELL-A         8      -32.1419790       -6.1535941       -5.9460585      -45.0000000        154.87452     9    30    41
26.7430782               2      7      9.7410340  WELL-A         9      -40.0243589       -6.1535941       -5.8951632      -50.0000000        154.87452    10    30    41
26.7430782               2      7      9.7410340  WELL-A        10      -38.4325942       -6.1535941       -5.9054410      -55.0000000        154.87452    11    30    41
26.7430782               2      7      9.7410340  WELL-A        11      -22.6686449       -6.1535941       -6.0072263      -60.0000000        154.87452    12    30    41
26.7430782               2      7      9.7410340  WELL-A        12       21.3525548       -6.1535941       -6.2914641      -65.0000000        154.87452    13    30    41
36.4841122               2      8     12.6633442  WELL-A         1       87.2139868       -7.1779135       -7.7410402      -10.0000000        154.87452     2    30    41
36.4841122               2      8     12.6633442  WELL-A         2       18.0911275       -7.1779135       -7.2947250      -15.0000000        154.87452     3    30    41
36.4841122               2      8     12.6633442  WELL-A         3       -9.1744868       -7.1779135       -7.1186753      -20.0000000        154.87452     4    30    41
36.4841122               2      8     12.6633442  WELL-A         4      -14.9592716       -7.1779135       -7.0813238      -25.0000000        154.87452     5    30    41
36.4841122               2      8     12.6633442  WELL-A         5       -1.8030863       -7.1779135       -7.1662712      -30.0000000        154.87452     6    30    41
36.4841122               2      8     12.6633442  WELL-A         6       42.2456878       -7.1779135       -7.4506871      -35.0000000        154.87452     7    30    41
36.4841122               2      8     12.6633442  WELL-A         7       -9.6496889       -7.1779135       -7.1156070      -40.0000000        154.87452     8    30    41
36.4841122               2      8     12.6633442  WELL-A         8      -32.1440192       -7.1779135       -6.9703647      -45.0000000        154.87452     9    30    41
36.4841122               2      8     12.6633442  WELL-A         9      -40.0299068       -7.1779135       -6.9194467      -50.0000000        154.87452    10    30    41
36.4841122               2      8     12.6633442  WELL-A        10      -38.4420293       -7.1779135       -6.9296994      -55.0000000        154.87452    11    30    41
36.4841122               2      8     12.6633442  WELL-A        11      -22.6823588       -7.1779135       -7.0314571      -60.0000000        154.87452    12    30    41
36.4841122               2      8     12.6633442  WELL-A        12       21.3340455       -7.1779135       -7.3156640      -65.0000000        154.87452    13    30    41
49.1474564               2      9     16.4623474  WELL-A         1       87.2164368       -8.6936864       -9.2568290      -10.0000000        154.87452     2    30    41
49.1474564               2      9     16.4623474  WELL-A         2       18.0934716       -8.6936864       -8.8105130      -15.0000000        154.87452     3    30    41
49.1474564               2      9     16.4623474  WELL-A         3       -9.1723541       -8.6936864       -8.6344620      -20.0000000        154.87452     4    30    41
49.1474564               2      9     16.4623474  WELL-A         4      -14.9574543       -8.6936864       -8.5971085      -25.0000000        154.87452     5    30    41
49.1474564               2      9     16.4623474  WELL-A         5       -1.8016873       -8.6936864       -8.6820532      -30.0000000        154.87452     6    30    41
49.1474564               2      9     16.4623474  WELL-A         6       42.2465681       -8.6936864       -8.9664657      -35.0000000        154.87452     7    30    41
49.1474564               2      9     16.4623474  WELL-A         7       -9.6494256       -8.6936864       -8.6313816      -40.0000000        154.87452     8    30    41
49.1474564               2      9     16.4623474  WELL-A         8      -32.1444687       -8.6936864       -8.4861347      -45.0000000        154.87452     9    30    41
49.1474564               2      9     16.4623474  WELL-A         9      -40.0311625       -8.6936864       -8.4352116      -50.0000000        154.87452    10    30    41
49.1474564               2      9     16.4623474  WELL-A        10      -38.4441841       -8.6936864       -8.4454584      -55.0000000        154.87452    11    30    41
49.1474564               2      9     16.4623474  WELL-A        11      -22.6855099       -8.6936864       -8.5472097      -60.0000000        154.87452    12    30    41
49.1474564               2      9     16.4623474  WELL-A        12       21.3297700       -8.6936864       -8.8314093      -65.0000000        154.87452    13    30    41
65.6098038               2     10     21.4010517  WELL-A         1              0.0   -2.0000000E+20      -11.3072553      -10.0000000              0.0     2    30    41
65.6098038               2     10     21.4010517  WELL-A         2       27.6922357      -10.6279807      -10.8067851      -15.0000000        154.87452     3    30    41
65.6098038               2     10     21.4010517  WELL-A         3       -0.7176361      -10.6279807      -10.6233471      -20.0000000        154.87452     4    30    41
65.6098038               2     10     21.4010517  WELL-A         4       -6.9138708      -10.6279807      -10.5833390      -25.0000000        154.87452     5    30    41
65.6098038               2     10     21.4010517  WELL-A         5        6.0317698      -10.6279807      -10.6669269      -30.0000000        154.87452     6    30    41
65.6098038               2     10     21.4010517  WELL-A         6       49.9555943      -10.6279807      -10.9505360      -35.0000000        154.87452     7    30    41
65.6098038               2     10     21.4010517  WELL-A         7       -2.0187246      -10.6279807      -10.6149462      -40.0000000        154.87452     8    30    41
65.6098038               2     10     21.4010517  WELL-A         8      -24.5625736      -10.6279807      -10.4693841      -45.0000000        154.87452     9    30    41
65.6098038               2     10     21.4010517  WELL-A         9      -32.4754482      -10.6279807      -10.4182920      -50.0000000        154.87452    10    30    41
65.6098038               2     10     21.4010517  WELL-A        10      -30.8926629      -10.6279807      -10.4285117      -55.0000000        154.87452    11    30    41
65.6098038               2     10     21.4010517  WELL-A        11      -15.1078038      -10.6279807      -10.5304321      -60.0000000        154.87452    12    30    41
65.6098038               2     10     21.4010517  WELL-A        12       29.0091200      -10.6279807      -10.8152880      -65.0000000        154.87452    13    30    41
87.0108555               2     11     27.8213672  WELL-A         1              0.0   -2.0000000E+20      -13.8085651      -10.0000000              0.0     2    30    41
87.0108555               2     11     27.8213672  WELL-A         2       27.6922751      -13.1292902      -13.3080948      -15.0000000        154.87452     3    30    41
87.0108555               2     11     27.8213672  WELL-A         3       -0.7176074      -13.1292902      -13.1246567      -20.0000000        154.87452     4    30    41
87.0108555               2     11     27.8213672  WELL-A         4       -6.9138515      -13.1292902      -13.0846486      -25.0000000        154.87452     5    30    41
87.0108555               2     11     27.8213672  WELL-A         5        6.0317806      -13.1292902      -13.1682364      -30.0000000        154.87452     6    30    41
87.0108555               2     11     27.8213672  WELL-A         6       49.9555973      -13.1292902      -13.4518455      -35.0000000        154.87452     7    30    41
87.0108555               2     11     27.8213672  WELL-A         7       -2.0187285      -13.1292902      -13.1162556      -40.0000000        154.87452     8    30    41
87.0108555               2     11     27.8213672  WELL-A         8      -24.5625837      -13.1292902      -12.9706935      -45.0000000        154.87452     9    30    41
87.0108555               2     11     27.8213672  WELL-A         9      -32.4754637      -13.1292902      -12.9196013      -50.0000000        154.87452    10    30    41
87.0108555               2     11     27.8213672  WELL-A        10      -30.8926831      -13.1292902      -12.9298211      -55.0000000        154.87452    11    30    41
87.0108555               2     11     27.8213672  WELL-A        11      -15.1078279      -13.1292902      -13.0317414      -60.0000000        154.87452    12    30    41
87.0108555               2     11     27.8213672  WELL-A        12       29.0090927      -13.1292902      -13.3165973      -65.0000000        154.87452    13    30    41
114.83222                2     12     36.1677773  WELL-A         1              0.0   -2.0000000E+20      -16.7859499      -10.0000000              0.0     2    30    41
114.83222                2     12     36.1677773  WELL-A         2              0.0   -2.0000000E+20      -16.2984233      -15.0000000              0.0     3    30    41
114.83222                2     12     36.1677773  WELL-A         3        2.4917154      -16.0829621      -16.0990507      -20.0000000        154.87452     4    30    41
114.83222                2     12     36.1677773  WELL-A         4       -4.0180876      -16.0829621      -16.0570179      -25.0000000        154.87452     5    30    41
114.83222                2     12     36.1677773  WELL-A         5        8.8168505      -16.0829621      -16.1398911      -30.0000000        154.87452     6    30    41
114.83222                2     12     36.1677773  WELL-A         6       52.6840825      -16.0829621      -16.4231348      -35.0000000        154.87452     7    30    41
114.83222                2     12     36.1677773  WELL-A         7        0.6765523      -16.0829621      -16.0873305      -40.0000000        154.87452     8    30    41
114.83222                2     12     36.1677773  WELL-A         8      -21.8873434      -16.0829621      -15.9416390      -45.0000000        154.87452     9    30    41
114.83222                2     12     36.1677773  WELL-A         9      -29.8110352      -16.0829621      -15.8904770      -50.0000000        154.87452    10    30    41
114.83222                2     12     36.1677773  WELL-A        10      -28.2306810      -16.0829621      -15.9006811      -55.0000000        154.87452    11    30    41
114.83222                2     12     36.1677773  WELL-A        11      -12.4371975      -16.0829621      -16.0026571      -60.0000000        154.87452    12    30    41
114.83222                2     12     36.1677773  WELL-A        12       31.7151440      -16.0829621      -16.2877417      -65.0000000        154.87452    13    30    41
151.0                    3      1      2.0181105  WELL-A         1              0.0   -2.0000000E+20      -13.0853402      -10.0000000              0.0     2    30    41
151.0                    3      1      2.0181105  WELL-A         2              0.0      -13.0848857      -13.0853014      -15.0000000              0.0     3    30    41
151.0                    3      1      2.0181105  WELL-A         3        0.0526071      -13.0848857      -13.0852254      -20.0000000        154.87452     4    30    41
151.0                    3      1      2.0181105  WELL-A         4        0.0445293      -13.0848857      -13.0851733      -25.0000000        154.87452     5    30    41
151.0                    3      1      2.0181105  WELL-A         5        0.0360932      -13.0848857      -13.0851188      -30.0000000        154.87452     6    30    41
151.0                    3      1      2.0181105  WELL-A         6        0.0265036      -13.0848857      -13.0850569      -35.0000000        154.87452     7    30    41
151.0                    3      1      2.0181105  WELL-A         7        0.0129551      -13.0848857      -13.0849694      -40.0000000        154.87452     8    30    41
151.0                    3      1      2.0181105  WELL-A         8       -0.0018079      -13.0848857      -13.0848741      -45.0000000        154.87452     9    30    41
151.0                    3      1      2.0181105  WELL-A         9       -0.0173074      -13.0848857      -13.0847740      -50.0000000        154.87452    10    30    41
151.0                    3      1      2.0181105  WELL-A        10       -0.0335001      -13.0848857      -13.0846694      -55.0000000        154.87452    11    30    41
151.0                    3      1      2.0181105  WELL-A        11       -0.0505577      -13.0848857      -13.0845593      -60.0000000        154.87452    12    30    41
151.0                    3      1      2.0181105  WELL-A        12       -0.0695152      -13.0848857      -13.0844369      -65.0000000        154.87452    13    30    41
153.01811                3      2      2.6235437  WELL-A         1              0.0   -2.0000000E+20      -11.4411518      -10.0000000              0.0     2    30    41
153.01811                3      2      2.6235437  WELL-A         2     3.1838733E-4      -11.4411494      -11.4411515      -15.0000000        154.87452     3    30    41
153.01811                3      2      2.6235437  WELL-A         3     2.8838614E-4      -11.4411494      -11.4411513      -20.0000000        154.87452     4    30    41
153.01811                3      2      2.6235437  WELL-A         4     2.4821947E-4      -11.4411494      -11.4411510      -25.0000000        154.87452     5    30    41
153.01811                3      2      2.6235437  WELL-A         5     1.9631599E-4      -11.4411494      -11.4411507      -30.0000000        154.87452     6    30    41
153.01811                3      2      2.6235437  WELL-A         6     1.3255679E-4      -11.4411494      -11.4411503      -35.0000000        154.87452     7    30    41
153.01811                3      2      2.6235437  WELL-A         7     5.7103528E-5      -11.4411494      -11.4411498      -40.0000000        154.87452     8    30    41
153.01811                3      2      2.6235437  WELL-A         8    -2.9696459E-5      -11.4411494      -11.4411492      -45.0000000        154.87452     9    30    41
153.01811                3      2      2.6235437  WELL-A         9    -1.2751993E-4      -11.4411494      -11.4411486      -50.0000000        154.87452    10    30    41
153.01811                3      2      2.6235437  WELL-A        10    -2.3622232E-4      -11.4411494      -11.4411479      -55.0000000        154.87452    11    30    41
153.01811                3      2      2.6235437  WELL-A        11    -3.5627780E-4      -11.4411494      -11.4411471      -60.0000000        154.87452    12    30    41
153.01811                3      2      2.6235437  WELL-A        12    -4.9125273E-4      -11.4411494      -11.4411463      -65.0000000        154.87452    13    30    41
155.64165                3      3      3.4106068  WELL-A         1              0.0   -2.0000000E+20      -10.0158126      -10.0000000              0.0     2    30    41
155.64165                3      3      3.4106068  WELL-A         2     1.9570179E-6      -10.0158126      -10.0158126      -15.0000000        154.87452     3    30    41
155.64165                3      3      3.4106068  WELL-A         3     1.7746720E-6      -10.0158126      -10.0158126      -20.0000000        154.87452     4    30    41
155.64165                3      3      3.4106068  WELL-A         4     1.5297589E-6      -10.0158126      -10.0158126      -25.0000000        154.87452     5    30    41
155.64165                3      3      3.4106068  WELL-A         5     1.2122809E-6      -10.0158126      -10.0158126      -30.0000000        154.87452     6    30    41
155.64165                3      3      3.4106068  WELL-A         6     8.2131590E-7      -10.0158126      -10.0158126      -35.0000000        154.87452     7    30    41
155.64165                3      3      3.4106068  WELL-A         7     3.5779634E-7      -10.0158126      -10.0158126      -40.0000000        154.87452     8    30    41
155.64165                3      3      3.4106068  WELL-A         8    -1.7679191E-7      -10.0158126      -10.0158126      -45.0000000        154.87452     9    30    41
155.64165                3      3      3.4106068  WELL-A         9    -7.8101743E-7      -10.0158126      -10.0158126      -50.0000000        154.87452    10    30    41
155.64165                3      3      3.4106068  WELL-A        10    -1.4543996E-6      -10.0158126      -10.0158126      -55.0000000        154.87452    11    30    41
155.64165                3      3      3.4106068  WELL-A        11    -2.2001435E-6      -10.0158126      -10.0158126      -60.0000000        154.87452    12    30    41
155.64165                3      3      3.4106068  WELL-A        12    -3.0404867E-6      -10.0158126      -10.0158125      -65.0000000        154.87452    13    30    41
159.05226                3      4      4.4337888  WELL-A         1              0.0       -8.6900978       -8.6900978      -10.0000000              0.0     2    30    41
159.05226                3      4      4.4337888  WELL-A         2     9.8831380E-9       -8.6900978       -8.6900978      -15.0000000        154.87452     3    30    41
159.05226                3      4      4.4337888  WELL-A         3     8.9518825E-9       -8.6900978       -8.6900978      -20.0000000        154.87452     4    30    41
159.05226                3      4      4.4337888  WELL-A         4     7.7097500E-9       -8.6900978       -8.6900978      -25.0000000        154.87452     5    30    41
159.05226                3      4      4.4337888  WELL-A         5     6.1066700E-9       -8.6900978       -8.6900978      -30.0000000        154.87452     6    30    41
159.05226                3      4      4.4337888  WELL-A         6     4.1374155E-9       -8.6900978       -8.6900978      -35.0000000        154.87452     7    30    41
159.05226                3      4      4.4337888  WELL-A         7     1.8025365E-9       -8.6900978       -8.6900978      -40.0000000        154.87452     8    30    41
159.05226                3      4      4.4337888  WELL-A         8   -8.8861307E-10       -8.6900978       -8.6900978      -45.0000000        154.87452     9    30    41
159.05226                3      4      4.4337888  WELL-A         9    -3.9288802E-9       -8.6900978       -8.6900978      -50.0000000        154.87452    10    30    41
159.05226                3      4      4.4337888  WELL-A        10    -7.3204660E-9       -8.6900978       -8.6900978      -55.0000000        154.87452    11    30    41
159.05226                3      4      4.4337888  WELL-A        11    -1.1090606E-8       -8.6900978       -8.6900978      -60.0000000        154.87452    12    30    41
159.05226                3      4      4.4337888  WELL-A        12    -1.5336416E-8       -8.6900978       -8.6900978      -65.0000000        154.87452    13    30    41
163.48605                3      5      5.7639254  WELL-A         1    7.5243243E-11       -7.4430247       -7.4430247      -10.0000000        154.87452     2    30    41
163.48605                3      5      5.7639254  WELL-A         2    6.8915657E-11       -7.4430247       -7.4430247      -15.0000000        154.87452     3    30    41
163.48605                3      5      5.7639254  WELL-A         3    6.2037847E-11       -7.4430247       -7.4430247      -20.0000000        154.87452     4    30    41
163.48605                3      5      5.7639254  WELL-A         4    5.1721132E-11       -7.4430247       -7.4430247      -25.0000000        154.87452     5    30    41
163.48605                3      5      5.7639254  WELL-A         5    3.8515737E-11       -7.4430247       -7.4430247      -30.0000000        154.87452     6    30    41
163.48605                3      5      5.7639254  WELL-A         6    2.2008992E-11       -7.4430247       -7.4430247      -35.0000000        154.87452     7    30    41
163.48605                3      5      5.7639254  WELL-A         7    4.6769109E-12       -7.4430247       -7.4430247      -40.0000000        154.87452     8    30    41
163.48605                3      5      5.7639254  WELL-A         8   -1.7332081E-11       -7.4430247       -7.4430247      -45.0000000        154.87452     9    30    41
163.48605                3      5      5.7639254  WELL-A         9   -4.0303967E-11       -7.4430247       -7.4430247      -50.0000000        154.87452    10    30    41
163.48605                3      5      5.7639254  WELL-A        10   -6.4926527E-11       -7.4430247       -7.4430247      -55.0000000        154.87452    11    30    41
163.48605                3      5      5.7639254  WELL-A        11   -9.0787094E-11       -7.4430247       -7.4430247      -60.0000000        154.87452    12    30    41
163.48605                3      5      5.7639254  WELL-A        12   -1.1114541E-10       -7.4430247       -7.4430247      -65.0000000        154.87452    13    30    41
169.24998                3      6      7.4931031  WELL-A         1   -3.4113938E-11       -6.2823403       -6.2823403      -10.0000000        154.87452     2    30    41
169.24998                3      6      7.4931031  WELL-A         2   -2.8336578E-11       -6.2823403       -6.2823403      -15.0000000        154.87452     3    30    41
169.24998                3      6      7.4931031  WELL-A         3   -2.5998122E-11       -6.2823403       -6.2823403      -20.0000000        154.87452     4    30    41
169.24998                3      6      7.4931031  WELL-A         4   -2.1183655E-11       -6.2823403       -6.2823403      -25.0000000        154.87452     5    30    41
169.24998                3      6      7.4931031  WELL-A         5   -1.4856070E-11       -6.2823403       -6.2823403      -30.0000000        154.87452     6    30    41
169.24998                3      6      7.4931031  WELL-A         6   -7.5655911E-12       -6.2823403       -6.2823403      -35.0000000        154.87452     7    30    41
169.24998                3      6      7.4931031  WELL-A         7   -5.5022481E-13       -6.2823403       -6.2823403      -40.0000000        154.87452     8    30    41
169.24998                3      6      7.4931031  WELL-A         8    8.1158159E-12       -6.2823403       -6.2823403      -45.0000000        154.87452     9    30    41
169.24998                3      6      7.4931031  WELL-A         9    1.9120312E-11       -6.2823403       -6.2823403      -50.0000000        154.87452    10    30    41
169.24998                3      6      7.4931031  WELL-A        10    3.0262365E-11       -6.2823403       -6.2823403      -55.0000000        154.87452    11    30    41
169.24998                3      6      7.4931031  WELL-A        11    3.7140175E-11       -6.2823403       -6.2823403      -60.0000000        154.87452    12    30    41
169.24998                3      6      7.4931031  WELL-A        12    4.0028855E-11       -6.2823403       -6.2823403      -65.0000000        154.87452    13    30    41
176.74308                3      7      9.7410340  WELL-A         1       -138.00247       -7.1439589       -6.2528990      -10.0000000        154.87452     2    30    41
176.74308                3      7      9.7410340  WELL-A         2       -138.04772       -7.1439589       -6.2526068      -15.0000000        154.87452     3    30    41
176.74308                3      7      9.7410340  WELL-A         3       -138.13957       -7.1439589       -6.2520137      -20.0000000        154.87452     4    30    41
176.74308                3      7      9.7410340  WELL-A         4       -138.28092       -7.1439589       -6.2511011      -25.0000000        154.87452     5    30    41
176.74308                3      7      9.7410340  WELL-A         5       -138.47674       -7.1439589       -6.2498367      -30.0000000        154.87452     6    30    41
176.74308                3      7      9.7410340  WELL-A         6       -138.73511       -7.1439589       -6.2481684      -35.0000000        154.87452     7    30    41
176.74308                3      7      9.7410340  WELL-A         7       -139.06916       -7.1439589       -6.2460115      -40.0000000        154.87452     8    30    41
176.74308                3      7      9.7410340  WELL-A         8       -139.50107       -7.1439589       -6.2432227      -45.0000000        154.87452     9    30    41
176.74308                3      7      9.7410340  WELL-A         9       -140.07135       -7.1439589       -6.2395405      -50.0000000        154.87452    10    30    41
176.74308                3      7      9.7410340  WELL-A        10       -140.86379       -7.1439589       -6.2344239      -55.0000000        154.87452    11    30    41
176.74308                3      7      9.7410340  WELL-A        11       -142.09500       -7.1439589       -6.2264741      -60.0000000        154.87452    12    30    41
176.74308                3      7      9.7410340  WELL-A        12       -144.65510       -7.1439589       -6.2099440      -65.0000000        154.87452    13    30    41
186.48411                3      8     12.6633442  WELL-A         1       -138.00109       -6.6837291       -5.7926781      -10.0000000        154.87452     2    30    41
186.48411                3      8     12.6633442  WELL-A         2       -138.04641       -6.6837291       -5.7923855      -15.0000000        154.87452     3    30    41
186.48411                3      8     12.6633442  WELL-A         3       -138.13837       -6.6837291       -5.7917917      -20.0000000        154.87452     4    30    41
186.48411                3      8     12.6633442  WELL-A         4       -138.27989       -6.6837291       -5.7908779      -25.0000000        154.87452     5    30    41
186.48411                3      8     12.6633442  WELL-A         5       -138.47595       -6.6837291       -5.7896120      -30.0000000        154.87452     6    30    41
186.48411                3      8     12.6633442  WELL-A         6       -138.73461       -6.6837291       -5.7879419      -35.0000000        154.87452     7    30    41
186.48411                3      8     12.6633442  WELL-A         7       -139.06900       -6.6837291       -5.7857828      -40.0000000        154.87452     8    30    41
186.48411                3      8     12.6633442  WELL-A         8       -139.50131       -6.6837291       -5.7829914      -45.0000000        154.87452     9    30    41
186.48411                3      8     12.6633442  WELL-A         9       -140.07205       -6.6837291       -5.7793063      -50.0000000        154.87452    10    30    41
186.48411                3      8     12.6633442  WELL-A        10       -140.86500       -6.6837291       -5.7741863      -55.0000000        154.87452    11    30    41
186.48411                3      8     12.6633442  WELL-A        11       -142.09679       -6.6837291       -5.7662328      -60.0000000        154.87452    12    30    41
186.48411                3      8     12.6633442  WELL-A        12       -144.65753       -6.6837291       -5.7496985      -65.0000000        154.87452    13    30    41
199.14746                3      9     16.4623474  WELL-A         1       -221.48262       -7.5000000       -6.0699221      -10.0000000        154.87452     2    30    41
199.14746                3      9     16.4623474  WELL-A         2       -221.55532       -7.5000000       -6.0694527      -15.0000000        154.87452     3    30    41
199.14746                3      9     16.4623474  WELL-A         3       -221.70288       -7.5000000       -6.0684999      -20.0000000        154.87452     4    30    41
199.14746                3      9     16.4623474  WELL-A         4       -221.92995       -7.5000000       -6.0670338      -25.0000000        154.87452     5    30    41
199.14746                3      9     16.4623474  WELL-A         5       -222.24452       -7.5000000       -6.0650027      -30.0000000        154.87452     6    30    41
199.14746                3      9     16.4623474  WELL-A         6       -222.65955       -7.5000000       -6.0623229      -35.0000000        154.87452     7    30    41
199.14746                3      9     16.4623474  WELL-A         7       -223.19610       -7.5000000       -6.0588584      -40.0000000        154.87452     8    30    41
199.14746                3      9     16.4623474  WELL-A         8       -223.88979       -7.5000000       -6.0543794      -45.0000000        154.87452     9    30    41
199.14746                3      9     16.4623474  WELL-A         9       -224.80562       -7.5000000       -6.0484660      -50.0000000        154.87452    10    30    41
199.14746                3      9     16.4623474  WELL-A        10       -226.07807       -7.5000000       -6.0402500      -55.0000000        154.87452    11    30    41
199.14746                3      9     16.4623474  WELL-A        11       -228.05480       -7.5000000       -6.0274866      -60.0000000        154.87452    12    30    41
199.14746                3      9     16.4623474  WELL-A        12       -232.16438       -7.5000000       -6.0009517      -65.0000000        154.87452    13    30    41
215.60980                3     10     21.4010517  WELL-A         1       -230.01525       -7.5000000       -6.0148283      -10.0000000        154.87452     2    30    41
215.60980                3     10     21.4010517  WELL-A         2       -230.09077       -7.5000000       -6.0143406      -15.0000000        154.87452     3    30    41
215.60980                3     10     21.4010517  WELL-A         3       -230.24406       -7.5000000       -6.0133509      -20.0000000        154.87452     4    30    41
215.60980                3     10     21.4010517  WELL-A         4       -230.47993       -7.5000000       -6.0118279      -25.0000000        154.87452     5    30    41
215.60980                3     10     21.4010517  WELL-A         5       -230.80670       -7.5000000       -6.0097180      -30.0000000        154.87452     6    30    41
215.60980                3     10     21.4010517  WELL-A         6       -231.23783       -7.5000000       -6.0069343      -35.0000000        154.87452     7    30    41
215.60980                3     10     21.4010517  WELL-A         7       -231.79517       -7.5000000       -6.0033356      -40.0000000        154.87452     8    30    41
215.60980                3     10     21.4010517  WELL-A         8       -232.51572       -7.5000000       -5.9986831      -45.0000000        154.87452     9    30    41
215.60980                3     10     21.4010517  WELL-A         9       -233.46699       -7.5000000       -5.9925410      -50.0000000        154.87452    10    30    41
215.60980                3     10     21.4010517  WELL-A        10       -234.78864       -7.5000000       -5.9840072      -55.0000000        154.87452    11    30    41
215.60980                3     10     21.4010517  WELL-A        11       -236.84172       -7.5000000       -5.9707508      -60.0000000        154.87452    12    30    41
215.60980                3     10     21.4010517  WELL-A        12       -241.10987       -7.5000000       -5.9431921      -65.0000000        154.87452    13    30    41
237.01086                3     11     27.8213672  WELL-A         1       -241.02732       -7.5000000       -5.9437251      -10.0000000        154.87452     2    30    41
237.01086                3     11     27.8213672  WELL-A         2       -241.10646       -7.5000000       -5.9432141      -15.0000000        154.87452     3    30    41
237.01086                3     11     27.8213672  WELL-A         3       -241.26708       -7.5000000       -5.9421770      -20.0000000        154.87452     4    30    41
237.01086                3     11     27.8213672  WELL-A         4       -241.51425       -7.5000000       -5.9405811      -25.0000000        154.87452     5    30    41
237.01086                3     11     27.8213672  WELL-A         5       -241.85666       -7.5000000       -5.9383702      -30.0000000        154.87452     6    30    41
237.01086                3     11     27.8213672  WELL-A         6       -242.30843       -7.5000000       -5.9354532      -35.0000000        154.87452     7    30    41
237.01086                3     11     27.8213672  WELL-A         7       -242.89245       -7.5000000       -5.9316822      -40.0000000        154.87452     8    30    41
237.01086                3     11     27.8213672  WELL-A         8       -243.64751       -7.5000000       -5.9268070      -45.0000000        154.87452     9    30    41
237.01086                3     11     27.8213672  WELL-A         9       -244.64431       -7.5000000       -5.9203707      -50.0000000        154.87452    10    30    41
237.01086                3     11     27.8213672  WELL-A        10       -246.02925       -7.5000000       -5.9114285      -55.0000000        154.87452    11    30    41
237.01086                3     11     27.8213672  WELL-A        11       -248.18062       -7.5000000       -5.8975374      -60.0000000        154.87452    12    30    41
237.01086                3     11     27.8213672  WELL-A        12       -252.65310       -7.5000000       -5.8686593      -65.0000000        154.87452    13    30    41
264.83222                3     12     36.1677773  WELL-A         1       -250.65111       -7.5000000       -5.8815858      -10.0000000        154.87452     2    30    41
264.83222                3     12     36.1677773  WELL-A         2       -250.73341       -7.5000000       -5.8810544      -15.0000000        154.87452     3    30    41
264.83222                3     12     36.1677773  WELL-A         3       -250.90045       -7.5000000       -5.8799759      -20.0000000        154.87452     4    30    41
264.83222                3     12     36.1677773  WELL-A         4       -251.15749       -7.5000000       -5.8783162      -25.0000000        154.87452     5    30    41
264.83222                3     12     36.1677773  WELL-A         5       -251.51358       -7.5000000       -5.8760170      -30.0000000        154.87452     6    30    41
264.83222                3     12     36.1677773  WELL-A         6       -251.98338       -7.5000000       -5.8729836      -35.0000000        154.87452     7    30    41
264.83222                3     12     36.1677773  WELL-A         7       -252.59073       -7.5000000       -5.8690620      -40.0000000        154.87452     8    30    41
264.83222                3     12     36.1677773  WELL-A         8       -253.37594       -7.5000000       -5.8639921      -45.0000000        154.87452     9    30    41
264.83222                3     12     36.1677773  WELL-A         9       -254.41255       -7.5000000       -5.8572988      -50.0000000        154.87452    10    30    41
264.83222                3     12     36.1677773  WELL-A        10       -255.85278       -7.5000000       -5.8479994      -55.0000000        154.87452    11    30    41
264.83222                3     12     36.1677773  WELL-A        11       -258.09006       -7.5000000       -5.8335537      -60.0000000        154.87452    12    30    41
264.83222                3     12     36.1677773  WELL-A        12       -262.74113       -7.5000000       -5.8035225      -65.0000000        154.87452    13    30    41
