         DATE_START   PER   STP           DELT        SIMTIME       STORAGE_IN      STORAGE_OUT           CHD_IN          CHD_OUT           WEL_IN          WEL_OUT           SWT_IN          SWT_OUT         IN_OUT  PERCENT_ERROR
  NaN                   1     1            1.0            1.0              0.0              0.0              0.0      39592.00295          39600.0              0.0              0.0              0.0      7.9970477      0.0201966
  NaN                   2     1         365.25         366.25     140781.47955              0.0              0.0      39553.46635          39600.0         144000.0       3172.00371              0.0      0.0169084   9.2117027E-6
  NaN                   2     2         365.25          731.5     142760.19925              0.0              0.0      39518.04350          39600.0         144000.0       1158.02492              0.0      0.1806589   9.8441982E-5
  NaN                   2     3         365.25        1096.75     142799.37555              0.0              0.0      39472.42584          39600.0         144000.0       1073.18413              0.0      0.1338361   7.2946155E-5
  NaN                   2     4         365.25         1462.0     142576.30705              0.0              0.0      39415.14742          39600.0         144000.0       1238.94218              0.0      0.1018162   5.5511344E-5
  NaN                   2     5         365.25        1827.25     142388.69296              0.0              0.0      39345.80054          39600.0         144000.0       1357.17890              0.0      0.0713209   3.8899679E-5
  NaN                   2     6         365.25         2192.5     142231.47166              0.0              0.0      39264.25037          39600.0         144000.0       1432.82482              0.0      0.0461079   2.5159218E-5
  NaN                   2     7         365.25        2557.75     142205.98524              0.0              0.0      39170.57726          39600.0         144000.0       1364.61819              0.0      0.0261705   1.4287499E-5
  NaN                   2     8         365.25         2923.0     142149.32429              0.0              0.0      39065.02755          39600.0         144000.0       1315.71044              0.0      0.0071752   3.9194774E-6
  NaN                   2     9         365.25        3288.25     142068.94777              0.0              0.0      38947.97779          39600.0         144000.0       1279.01896              0.0      0.0110645  -6.0478724E-6
  NaN                   2    10         365.25         3653.5     141969.50814              0.0              0.0      38819.90122          39600.0         144000.0       1250.36450              0.0      0.0285842  -1.5635178E-5
  NaN                   2    11         365.25        4018.75     141854.09420              0.0              0.0      38681.33864          39600.0         144000.0       1227.19907              0.0      0.0453661  -2.4833461E-5
  NaN                   2    12         365.25         4384.0     141724.89759              0.0              0.0      38532.87388          39600.0         144000.0       1207.91492              0.0      0.0613799  -3.3626778E-5
  NaN                   2    13         365.25        4749.25     141583.57471              0.0              0.0      38375.11411          39600.0         144000.0       1191.46280              0.0      0.0766014  -4.2002102E-5
  NaN                   2    14         365.25         5114.5     141431.44742              0.0              0.0      38208.67415          39600.0         144000.0       1177.13571              0.0      0.0910181  -4.9952688E-5
  NaN                   2    15         365.25        5479.75     141269.61711              0.0              0.0      38034.16461          39600.0         144000.0       1164.44287              0.0      0.1046306  -5.7478565E-5
  NaN                   2    16         365.25         5845.0     141099.03147              0.0              0.0      37852.18301          39600.0         144000.0       1153.03408              0.0      0.1174504  -6.4585670E-5
  NaN                   2    17         365.25        6210.25     140920.52471              0.0              0.0      37663.30737          39600.0         144000.0       1142.65316              0.0      0.1294980  -7.1284634E-5
  NaN                   2    18         365.25         6575.5     140734.84263              0.0              0.0      37468.09188          39600.0         144000.0       1133.10845              0.0      0.1408002  -7.7589564E-5
  NaN                   2    19         365.25        6940.75     140542.65902              0.0              0.0      37267.06405          39600.0         144000.0       1124.25364              0.0      0.1513885  -8.3516863E-5
  NaN                   2    20         365.25         7306.0     140344.58676              0.0              0.0      37060.72314          39600.0         144000.0       1115.97508              0.0      0.1612968  -8.9084435E-5
  NaN                   2    21         365.25        7671.25     140141.18578              0.0              0.0      36849.53943          39600.0         144000.0       1108.18310              0.0      0.1705608  -9.4310914E-5
  NaN                   2    22         365.25         8036.5     139929.24022              0.0              0.0      36633.95432          39600.0         144000.0       1104.53549              0.0      0.1786104  -9.8879773E-5
  NaN                   2    23         365.25        8401.75     139699.93909              0.0              0.0      36414.38100          39600.0         144000.0       1114.25243              0.0      0.1894771  -1.0502335E-4
  NaN                   2    24         365.25         8767.0     139482.79924              0.0              0.0      36191.20429          39600.0         144000.0       1108.20815              0.0      0.1968998  -1.0927275E-4
  NaN                   2    25         365.25        9132.25     139263.12092              0.0              0.0      35964.78284          39600.0         144000.0       1101.45801              0.0      0.2039055  -1.1330306E-4
  NaN                   2    26         365.25         9497.5     139040.34330              0.0              0.0      35735.44980          39600.0         144000.0       1094.89605              0.0      0.2104472  -1.1708729E-4
  NaN                   2    27         365.25        9862.75     138814.74284              0.0              0.0      35503.51421          39600.0         144000.0       1088.55482              0.0      0.2165500  -1.2063836E-4
  NaN                   2    28         365.25        10228.0     138586.62071              0.0              0.0      35269.26235          39600.0         144000.0       1082.41939              0.0      0.2222416  -1.2397088E-4
  NaN                   2    29         365.25       10593.25     138356.25953              0.0              0.0      35032.95910          39600.0         144000.0       1076.47202              0.0      0.2275486  -1.2709883E-4
  NaN                   2    30         365.25        10958.5     138123.92106              0.0              0.0      34794.84927          39600.0         144000.0       1070.69571              0.0      0.2324965  -1.3003545E-4
  NaN                   2    31         365.25       11323.75     137889.84685              0.0              0.0      34555.15892          39600.0         144000.0       1065.07496              0.0      0.2371090  -1.3279324E-4
  NaN                   2    32         365.25        11689.0     137654.25933              0.0              0.0      34314.09661          39600.0         144000.0       1059.59587              0.0      0.2414084  -1.3538388E-4
  NaN                   2    33         365.25       12054.25     137384.74364              0.0              0.0      34071.86842          39600.0         144000.0       1086.87740              0.0      0.2473763  -1.3891946E-4
  NaN                   2    34         365.25        12419.5     137137.61431              0.0              0.0      33828.63978          39600.0         144000.0       1090.77465              0.0      0.2508174  -1.4104453E-4
  NaN                   2    35         365.25       12784.75     136898.38403              0.0              0.0      33584.57472          39600.0         144000.0       1085.93636              0.0      0.2543199  -1.4321069E-4
  NaN                   2    36         365.25        13150.0     136658.98594              0.0              0.0      33339.82470          39600.0         144000.0       1080.58118              0.0      0.2575791  -1.4524616E-4
  NaN                   2    37         365.25       13515.25     136418.97050              0.0              0.0      33094.52784          39600.0         144000.0       1075.29672              0.0      0.2606106  -1.4715916E-4
  NaN                   2    38         365.25        13880.5     136178.43029              0.0              0.0      32848.81079          39600.0         144000.0       1070.11706              0.0      0.2634303  -1.4895800E-4
  NaN                   2    39         365.25       14245.75     135930.75045              0.0              0.0      32602.79244          39600.0         144000.0       1071.78418              0.0      0.2578196  -1.4598854E-4
  NaN                   2    40         365.25        14611.0     135662.01990              0.0              0.0      32356.60153          39600.0         144000.0       1094.30976              0.0      0.2718628  -1.5415529E-4
  NaN                   2    41         365.25       14976.25     135416.57271              0.0              0.0      32110.31035          39600.0         144000.0       1093.46339              0.0      0.2742504  -1.5572662E-4
  NaN                   2    42         365.25        15341.5     135174.95734              0.0              0.0      31864.01338          39600.0         144000.0       1088.77967              0.0      0.2763662  -1.5714777E-4
  NaN                   2    43         365.25       15706.75     134933.65386              0.0              0.0      31617.79407          39600.0         144000.0       1083.86190              0.0      0.2783136  -1.5847702E-4
  NaN                   2    44         365.25        16072.0     134651.63930              0.0              0.0      31371.72807          39600.0         144000.0       1119.80588              0.0      0.2828930  -1.6131061E-4
  NaN                   2    45         365.25       16437.25     134353.30925              0.0              0.0      31125.88411          39600.0         144000.0       1172.28812              0.0      0.2867335  -1.6373007E-4
  NaN                   2    46         365.25        16802.5     134068.10605              0.0              0.0      30880.32659          39600.0         144000.0       1211.93160              0.0      0.2889461  -1.6522519E-4
  NaN                   2    47         365.25       17167.75     133785.45509              0.0              0.0      30635.12041          39600.0         144000.0       1249.37454              0.0      0.2907792  -1.6650687E-4
  NaN                   2    48         365.25        17533.0     133527.74120              0.0              0.0      30390.31348          39600.0         144000.0       1262.28017              0.0      0.2921052  -1.6750093E-4
  NaN                   2    49         365.25       17898.25     133275.75074              0.0              0.0      30145.95557          39600.0         144000.0       1269.91176              0.0      0.2930780  -1.6829461E-4
  NaN                   2    50         365.25        18263.5     133005.59310              0.0              0.0      29902.09162          39600.0         144000.0       1296.20460              0.0      0.2939237  -1.6901693E-4
  NaN                   2    51         365.25       18628.75     132719.22086              0.0              0.0      29658.76397          39600.0         144000.0       1339.24406              0.0      0.2990571  -1.7220979E-4
  NaN                   2    52         365.25        18994.0     132447.63396              0.0              0.0      29416.00557          39600.0         144000.0       1368.06912              0.0      0.3025020  -1.7443734E-4
  NaN                   2    53         365.25       19359.25     132174.93823              0.0              0.0      29173.84998          39600.0         144000.0       1398.60573              0.0      0.3060240  -1.7671509E-4
  NaN                   2    54         365.25        19724.5     131922.45058              0.0              0.0      28932.32770          39600.0         144000.0       1409.56990              0.0      0.3072192  -1.7765301E-4
  NaN                   2    55         365.25       20089.75     131659.63389              0.0              0.0      28691.47231          39600.0         144000.0       1431.53022              0.0      0.3082040  -1.7847103E-4
  NaN                   2    56         365.25        20455.0     131418.33302              0.0              0.0      28451.30152          39600.0         144000.0       1432.66043              0.0      0.3080614  -1.7863691E-4
  NaN                   2    57         365.25       20820.25     131118.81782              0.0              0.0      28211.83816          39600.0         144000.0       1492.70908              0.0      0.3112689  -1.8074785E-4
  NaN                   2    58         365.25        21185.5     130880.58171              0.0              0.0      27973.09984          39600.0         144000.0       1492.20648              0.0      0.3116457  -1.8121789E-4
  NaN                   2    59         365.25       21550.75     130638.36618              0.0              0.0      27735.10370          39600.0         144000.0       1496.42293              0.0      0.3145925  -1.8318489E-4
  NaN                   2    60         365.25        21916.0     130389.05378              0.0              0.0      27497.86395          39600.0         144000.0       1508.49425              0.0      0.3159193  -1.8421198E-4
  NaN                   3     1         365.25       22281.25      83380.92411      94805.79037              0.0      27299.82332          39600.0              0.0        461.50765       1336.84350      0.0254267  -2.0598057E-5
  NaN                   3     2         365.25        22646.5      73641.62170      86117.65261              0.0      27098.43355          39600.0              0.0        441.30093        467.27641      0.4399354  -3.8698385E-4
  NaN                   3     3         365.25       23011.75      65746.42068      78411.15443              0.0      26907.65095          39600.0              0.0        396.93771        424.94871      0.3957082  -3.7421493E-4
  NaN                   3     4         365.25        23377.0      58812.32522      71646.15068              0.0      26728.73165          39600.0              0.0        356.19941        394.00495      0.3626640  -3.6718513E-4
  NaN                   3     5         365.25       23742.25      52657.58256      65650.54264              0.0      26562.04229          39600.0              0.0        319.95721        365.29235      0.3375079  -3.6456715E-4
  NaN                   3     6         365.25        24107.5      47417.63561      60558.90848              0.0      26407.71344          39600.0              0.0        288.41104        339.74136      0.3166377  -3.6267495E-4
  NaN                   3     7         365.25       24472.75      42607.49725      55886.73185              0.0      26265.70415          39600.0              0.0        259.63129        315.88424      1.1917022     -0.0014451
  NaN                   3     8         365.25        24838.0      38248.45522      51653.46490              0.0      26135.77759          39600.0              0.0        233.73442        294.09186      1.1447102     -0.0014660
  NaN                   3     9         365.25       25203.25      34300.04653      47819.69502              0.0      26017.61731          39600.0              0.0        210.39592        274.22900      1.0988799     -0.0014827
  NaN                   3    10         365.25        25568.5      30819.84069      44443.29337              0.0      25910.80399          39600.0              0.0        189.75494        256.55193      1.0536604     -0.0014922
  NaN                   3    11         365.25       25933.75      27726.43366      41443.24955              0.0      25814.85311          39600.0              0.0        171.45059        240.79058      1.0089969     -0.0014948
  NaN                   3    12         365.25        26299.0      24983.91882      38784.11494              0.0      25729.23685          39600.0              0.0        155.15713        226.68920      0.9650389     -0.0014906
  NaN                   3    13         365.25       26664.25      22520.11980      36394.21125              0.0      25653.40205          39600.0              0.0        140.65047        214.07898      0.9219994     -0.0014809
  NaN                   3    14         365.25        27029.5      20357.50677      34296.52856              0.0      25586.78447          39600.0              0.0        127.83390        202.90772      0.8800857     -0.0014647
  NaN                   3    15         365.25       27394.75      18446.29863      32441.81376              0.0      25528.81998          39600.0              0.0        116.49380        192.99816      0.8394709     -0.0014433
  NaN                   3    16         365.25        27760.0      16773.43421      30817.53136              0.0      25478.95301          39600.0              0.0        106.46919        184.21931      0.8002842     -0.0014169
  NaN                   3    17         365.25       28125.25      15294.46985      29379.75361              0.0      25436.64275          39600.0              0.0       97.5255971        176.36171      0.7626122     -0.0013868
  NaN                   3    18         365.25        28490.5      13971.50890      28091.08453              0.0      25401.36759          39600.0              0.0       89.5230422        169.30633      0.7265042     -0.0013539
  NaN                   3    19         365.25       28855.75      12808.02279      26955.47728              0.0      25372.62813          39600.0              0.0       82.3672058        162.97656      0.6919782     -0.0013183
  NaN                   3    20         365.25        29221.0      11754.05319      25923.43381              0.0      25349.94907          39600.0              0.0       75.8847174        157.21406      0.6590280     -0.0012814
  NaN                   3    21         365.25       29586.25      10786.02135      24971.81272              0.0      25332.88017          39600.0              0.0       69.9679140        151.92401      0.6276286     -0.0012439
  NaN                   3    22         365.25        29951.5       9924.77291      24121.87339              0.0      25320.99666          39600.0              0.0       64.6960413        147.19664      0.5977411     -0.0012054
  NaN                   3    23         365.25       30316.75       9146.84561      23350.54354              0.0      25313.89906          39600.0              0.0       59.9221474        142.89448      0.5693171     -0.0011665
  NaN                   3    24         365.25        30682.0       8461.60371      22667.55380              0.0      25311.21272          39600.0              0.0       55.6853073        139.06479      0.5423014     -0.0011270
  NaN                   3    25         365.25       31047.25       7846.84012      22051.04053              0.0      25312.58706          39600.0              0.0       51.8740099        135.60318      0.5166350     -0.0010877
  NaN                   3    26         365.25        31412.5       7301.08241      21499.85247              0.0      25317.69462          39600.0              0.0       48.4562545        132.48383      0.4922564     -0.0010485
  NaN                   3    27         365.25       31777.75       6810.68854      21000.64744              0.0      25326.23008          39600.0              0.0       45.3636970        129.64381      0.4691038     -0.0010098
  NaN                   3    28         365.25        32143.0       6381.31821      20559.36466              0.0      25337.90910          39600.0              0.0       42.5892934        127.08085      0.4471155  -9.7148054E-4
  NaN                   3    29         365.25       32508.25       6002.05716      20165.35011              0.0      25352.46720          39600.0              0.0       40.0723572        124.73844      0.4262310  -9.3385007E-4
  NaN                   3    30         365.25        32873.5       5651.87388      19797.81426              0.0      25369.65863          39600.0              0.0       37.7225897        122.52997      0.4063918  -8.9731418E-4
  NaN                   3    31         365.25       33238.75       5323.50019      19449.71377              0.0      25389.25523          39600.0              0.0       35.5160894        120.43483      0.3875411  -8.6198380E-4
  NaN                   3    32         365.25        33604.0       5013.00050      19117.32175              0.0      25411.04531          39600.0              0.0       33.4295722        118.43264      0.3696247  -8.2788969E-4
  NaN                   3    33         365.25       33969.25       4722.38000      18802.83701              0.0      25434.83262          39600.0              0.0       31.4693220        116.53228      0.3525909  -7.9494677E-4
  NaN                   3    34         365.25        34334.5       4446.55132      18501.35164              0.0      25460.43534          39600.0              0.0       29.6115959        114.71233      0.3363904  -7.6319962E-4
  NaN                   3    35         365.25       34699.75       4184.19738      18211.71487              0.0      25487.68502          39600.0              0.0       27.8493207        112.96778      0.3209766  -7.3261908E-4
  NaN                   3    36         365.25        35065.0       3935.09060      17933.85309              0.0      25516.42579          39600.0              0.0       26.1818046        111.29983      0.3063054  -7.0315735E-4
  NaN                   3    37         365.25       35430.25       3701.13139      17669.80926              0.0      25546.51337          39600.0              0.0       24.6099460        109.71104      0.2923351  -6.7473540E-4
  NaN                   3    38         365.25        35795.5       3480.31489      17417.71040              0.0      25577.81434          39600.0              0.0       23.1222326        108.19141      0.2790266  -6.4733969E-4
  NaN                   3    39         365.25       36160.75       3271.12777      17176.16515              0.0      25610.20530          39600.0              0.0       21.7108372        106.73450      0.2663428  -6.2094745E-4
  NaN                   3    40         365.25        36526.0       3072.59715      16944.31340              0.0      25643.57221          39600.0              0.0       20.3673388        105.33312      0.2542491  -5.9552743E-4
  NaN                   3    41         365.25       36891.25       2882.80956      16720.34590              0.0      25677.80970          39600.0              0.0       19.0834395        103.98010      0.2427127  -5.7106165E-4
  NaN                   3    42         365.25        37256.5       2701.27888      16503.87282              0.0      25712.82043          39600.0              0.0       17.8557796        102.67311      0.2317030  -5.4751214E-4
  NaN                   3    43         365.25       37621.75       2527.55141      16294.52939              0.0      25748.51450          39600.0              0.0       16.6812268        101.40994      0.2211912  -5.2484194E-4
  NaN                   3    44         365.25        37987.0       2361.20345      16091.97400              0.0      25784.80894          39600.0              0.0       15.5588372        100.19049      0.2111502  -5.0301550E-4
  NaN                   3    45         365.25       38352.25       2201.84038      15895.88780              0.0      25821.62719          39600.0              0.0       14.4864356       99.0133794      0.2015545  -4.8199836E-4
  NaN                   3    46         365.25        38717.5       2049.09305      15705.97152              0.0      25858.89863          39600.0              0.0       13.4628862       97.8781660      0.1923803  -4.6175729E-4
  NaN                   3    47         365.25       39082.75       1902.94144      15522.26960              0.0      25896.55813          39600.0              0.0       12.4894655       96.7867784      0.1836053  -4.4225691E-4
  NaN                   3    48         365.25        39448.0       1765.40831      15346.86421              0.0      25934.54567          39600.0              0.0       11.5715608       95.7451973      0.1752083  -4.2344290E-4
  NaN                   3    49         365.25       39813.25       1634.57153      15177.88794              0.0      25972.80596          39600.0              0.0       10.7003311       94.7451257      0.1671695  -4.0530513E-4
  NaN                   3    50         365.25        40178.5       1511.35771      15016.31780              0.0      26011.28810          39600.0              0.0        9.8767916       93.7880779      0.1594705  -3.8780504E-4
  NaN                   3    51         365.25       40543.75       1395.71800      14862.15130              0.0      26049.94523          39600.0              0.0        9.0996011       92.8731709      0.1520938  -3.7091617E-4
  NaN                   3    52         365.25        40909.0       1285.11693      14712.89562              0.0      26088.73426          39600.0              0.0        8.3569035       91.9889696      0.1450229  -3.5463520E-4
  NaN                   3    53         365.25       41274.25       1180.11883      14569.15430              0.0      26127.61560          39600.0              0.0        7.6516981       91.1388603      0.1382425  -3.3893058E-4
  NaN                   3    54         365.25        41639.5       1079.18206      14429.42170              0.0      26166.55288          39600.0              0.0        6.9761533       90.3153673      0.1317379  -3.2378995E-4
  NaN                   3    55         365.25       42004.75        983.46597      14294.89018              0.0      26205.51273          39600.0              0.0        6.3360576       89.5246067      0.1254956  -3.0917967E-4
  NaN                   3    56         365.25        42370.0        892.52905      14165.14852              0.0      26244.46456          39600.0              0.0        5.7288914       88.7643604      0.1195027  -2.9508068E-4
  NaN                   3    57         365.25       42735.25        805.79703      14039.65017              0.0      26283.38035          39600.0              0.0        5.1549258       88.0351771      0.1137471  -2.8147548E-4
  NaN                   3    58         365.25        43100.5        724.17667      13919.32727              0.0      26322.23447          39600.0              0.0        4.6159372       87.3390888      0.1082173  -2.6833723E-4
  NaN                   3    59         365.25       43465.75        646.84042      13803.37542              0.0      26361.00349          39600.0              0.0        4.1086294       86.6730350      0.1029026  -2.5565238E-4
  NaN                   3    60         365.25        43831.0        574.99554      13693.02304              0.0      26399.66606          39600.0              0.0        3.6376825       86.0419127      0.0977929  -2.4339505E-4
