SP TS  3  60  ITER 7  DELT 365.25  (NROW,NCOL,NLAY) = (20, 15, 4)   ERROR 2.4339505E-4 %  FORMAT "(*(ES12.5, :, 1x))"     LAY 1
         NaN          NaN          NaN          NaN          NaN  1.31172E+02  1.31341E+02  1.32041E+02  1.31208E+02  1.30923E+02          NaN          NaN          NaN          NaN          NaN
         NaN          NaN          NaN          NaN  1.31896E+02  1.31078E+02  1.31033E+02  1.31604E+02  1.30876E+02  1.30689E+02  1.30855E+02  1.31758E+02          NaN          NaN          NaN
         NaN          NaN          NaN  1.31367E+02  1.30786E+02  1.30431E+02  1.30318E+02  1.30355E+02  1.30193E+02  1.30168E+02  1.30353E+02  1.30755E+02          NaN          NaN          NaN
         NaN          NaN          NaN  1.30029E+02  1.29817E+02  1.29623E+02  1.29513E+02  1.29468E+02  1.29427E+02  1.29484E+02  1.29748E+02  1.30559E+02          NaN          NaN          NaN
         NaN          NaN  1.29720E+02  1.29150E+02  1.28919E+02  1.28764E+02  1.28661E+02  1.28603E+02  1.28584E+02  1.28637E+02  1.28801E+02  1.29116E+02  1.29555E+02          NaN          NaN
         NaN          NaN  1.28349E+02  1.28159E+02  1.27999E+02  1.27870E+02  1.27774E+02  1.27713E+02  1.27689E+02  1.27714E+02  1.27799E+02  1.27940E+02  1.28125E+02  1.28504E+02          NaN
         NaN  1.27947E+02  1.27421E+02  1.27221E+02  1.27080E+02  1.26962E+02  1.26867E+02  1.26800E+02  1.26766E+02  1.26767E+02  1.26802E+02  1.26860E+02  1.26926E+02  1.26998E+02          NaN
         NaN  1.26525E+02  1.26408E+02  1.26288E+02  1.26168E+02  1.26053E+02  1.25954E+02  1.25880E+02  1.25837E+02  1.25823E+02  1.25833E+02  1.25852E+02  1.25859E+02  1.25842E+02          NaN
 1.25098E+02  1.25459E+02  1.25486E+02  1.25402E+02  1.25281E+02  1.25156E+02  1.25045E+02  1.24963E+02  1.24915E+02  1.24900E+02  1.24908E+02  1.24918E+02  1.24896E+02  1.24768E+02  1.24333E+02
 1.24783E+02  1.24794E+02  1.24723E+02  1.24593E+02  1.24435E+02  1.24280E+02  1.24147E+02  1.24053E+02  1.24006E+02  1.24003E+02  1.24034E+02  1.24079E+02  1.24106E+02  1.24078E+02  1.23972E+02
 1.24498E+02  1.24256E+02  1.24064E+02  1.23851E+02  1.23628E+02  1.23422E+02  1.23255E+02  1.23146E+02  1.23104E+02  1.23129E+02  1.23209E+02  1.23323E+02  1.23444E+02  1.23538E+02  1.23581E+02
         NaN  1.23720E+02  1.23476E+02  1.23164E+02  1.22852E+02  1.22573E+02  1.22357E+02  1.22225E+02  1.22193E+02  1.22260E+02  1.22414E+02  1.22632E+02  1.22884E+02  1.23131E+02  1.23313E+02
         NaN  1.23515E+02  1.23024E+02  1.22535E+02  1.22093E+02  1.21715E+02  1.21427E+02  1.21262E+02  1.21241E+02  1.21369E+02  1.21625E+02  1.21983E+02  1.22422E+02  1.22899E+02          NaN
         NaN  1.24073E+02  1.22687E+02  1.21930E+02  1.21329E+02  1.20822E+02  1.20432E+02  1.20211E+02  1.20203E+02  1.20414E+02  1.20809E+02  1.21344E+02  1.22058E+02  1.23442E+02          NaN
         NaN          NaN  1.21998E+02  1.21272E+02  1.20539E+02  1.19871E+02  1.19323E+02  1.19004E+02  1.19006E+02  1.19341E+02  1.19931E+02  1.20647E+02  1.21324E+02          NaN          NaN
         NaN          NaN  1.22346E+02  1.20750E+02  1.19764E+02  1.18859E+02  1.18042E+02  1.17532E+02  1.17535E+02  1.18082E+02  1.19018E+02  1.20140E+02  1.21605E+02          NaN          NaN
         NaN          NaN          NaN  1.19903E+02  1.19008E+02  1.17829E+02  1.16515E+02  1.15599E+02  1.15578E+02  1.16504E+02  1.18039E+02  1.19622E+02  1.21462E+02          NaN          NaN
         NaN          NaN          NaN  1.20265E+02  1.18668E+02  1.17017E+02  1.14669E+02  1.12826E+02  1.12722E+02  1.14393E+02  1.17168E+02  1.19357E+02          NaN          NaN          NaN
         NaN          NaN          NaN          NaN          NaN          NaN  1.12556E+02  1.08374E+02  1.08117E+02  1.11232E+02          NaN          NaN          NaN          NaN          NaN
         NaN          NaN          NaN          NaN          NaN          NaN          NaN  1.00000E+02  1.00000E+02          NaN          NaN          NaN          NaN          NaN          NaN
LAY 2
         NaN          NaN          NaN          NaN          NaN  1.31167E+02  1.31333E+02  1.31926E+02  1.31200E+02  1.30919E+02          NaN          NaN          NaN          NaN          NaN
         NaN          NaN          NaN          NaN  1.31779E+02  1.31071E+02  1.31026E+02  1.31492E+02  1.30869E+02  1.30685E+02  1.30849E+02  1.31643E+02          NaN          NaN          NaN
         NaN          NaN          NaN  1.31251E+02  1.30776E+02  1.30427E+02  1.30315E+02  1.30349E+02  1.30191E+02  1.30166E+02  1.30349E+02  1.30745E+02          NaN          NaN          NaN
         NaN          NaN          NaN  1.30022E+02  1.29814E+02  1.29621E+02  1.29511E+02  1.29466E+02  1.29426E+02  1.29483E+02  1.29744E+02  1.30449E+02          NaN          NaN          NaN
         NaN          NaN  1.29607E+02  1.29144E+02  1.28917E+02  1.28763E+02  1.28661E+02  1.28603E+02  1.28585E+02  1.28637E+02  1.28800E+02  1.29110E+02  1.29443E+02          NaN          NaN
         NaN          NaN  1.28344E+02  1.28158E+02  1.27999E+02  1.27871E+02  1.27775E+02  1.27714E+02  1.27690E+02  1.27716E+02  1.27800E+02  1.27941E+02  1.28119E+02  1.28394E+02          NaN
         NaN  1.27835E+02  1.27418E+02  1.27221E+02  1.27081E+02  1.26963E+02  1.26869E+02  1.26803E+02  1.26769E+02  1.26770E+02  1.26805E+02  1.26863E+02  1.26929E+02  1.26997E+02          NaN
         NaN  1.26522E+02  1.26409E+02  1.26290E+02  1.26170E+02  1.26055E+02  1.25957E+02  1.25883E+02  1.25840E+02  1.25827E+02  1.25838E+02  1.25856E+02  1.25863E+02  1.25846E+02          NaN
 1.25101E+02  1.25462E+02  1.25488E+02  1.25405E+02  1.25284E+02  1.25159E+02  1.25049E+02  1.24967E+02  1.24919E+02  1.24904E+02  1.24913E+02  1.24923E+02  1.24901E+02  1.24774E+02  1.24340E+02
 1.24786E+02  1.24797E+02  1.24727E+02  1.24596E+02  1.24439E+02  1.24284E+02  1.24151E+02  1.24058E+02  1.24011E+02  1.24008E+02  1.24040E+02  1.24085E+02  1.24113E+02  1.24084E+02  1.23979E+02
 1.24501E+02  1.24260E+02  1.24068E+02  1.23855E+02  1.23633E+02  1.23427E+02  1.23260E+02  1.23151E+02  1.23109E+02  1.23135E+02  1.23215E+02  1.23330E+02  1.23450E+02  1.23545E+02  1.23588E+02
         NaN  1.23724E+02  1.23480E+02  1.23169E+02  1.22856E+02  1.22578E+02  1.22362E+02  1.22230E+02  1.22198E+02  1.22266E+02  1.22420E+02  1.22638E+02  1.22891E+02  1.23138E+02  1.23320E+02
         NaN  1.23515E+02  1.23028E+02  1.22539E+02  1.22098E+02  1.21720E+02  1.21432E+02  1.21267E+02  1.21247E+02  1.21375E+02  1.21631E+02  1.21989E+02  1.22427E+02  1.22902E+02          NaN
         NaN  1.23965E+02  1.22687E+02  1.21934E+02  1.21334E+02  1.20827E+02  1.20437E+02  1.20216E+02  1.20208E+02  1.20419E+02  1.20814E+02  1.21350E+02  1.22060E+02  1.23336E+02          NaN
         NaN          NaN  1.21998E+02  1.21275E+02  1.20543E+02  1.19875E+02  1.19328E+02  1.19009E+02  1.19011E+02  1.19346E+02  1.19936E+02  1.20651E+02  1.21325E+02          NaN          NaN
         NaN          NaN  1.22238E+02  1.20750E+02  1.19767E+02  1.18863E+02  1.18046E+02  1.17536E+02  1.17540E+02  1.18086E+02  1.19022E+02  1.20140E+02  1.21497E+02          NaN          NaN
         NaN          NaN          NaN  1.19903E+02  1.19011E+02  1.17833E+02  1.16518E+02  1.15601E+02  1.15580E+02  1.16507E+02  1.18041E+02  1.19618E+02  1.21350E+02          NaN          NaN
         NaN          NaN          NaN  1.20157E+02  1.18668E+02  1.17019E+02  1.14667E+02  1.12825E+02  1.12722E+02  1.14393E+02  1.17167E+02  1.19249E+02          NaN          NaN          NaN
         NaN          NaN          NaN          NaN          NaN          NaN  1.12445E+02  1.08362E+02  1.08109E+02  1.11232E+02          NaN          NaN          NaN          NaN          NaN
         NaN          NaN          NaN          NaN          NaN          NaN          NaN  1.00000E+02  1.00000E+02          NaN          NaN          NaN          NaN          NaN          NaN
LAY 3
         NaN          NaN          NaN          NaN          NaN  1.31096E+02  1.31209E+02  1.31564E+02  1.31085E+02  1.30869E+02          NaN          NaN          NaN          NaN          NaN
         NaN          NaN          NaN          NaN  1.31391E+02  1.30953E+02  1.30913E+02  1.31179E+02  1.30772E+02  1.30632E+02  1.30735E+02  1.31259E+02          NaN          NaN          NaN
         NaN          NaN          NaN  1.30863E+02  1.30608E+02  1.30359E+02  1.30263E+02  1.30269E+02  1.30149E+02  1.30132E+02  1.30278E+02  1.30573E+02          NaN          NaN          NaN
         NaN          NaN          NaN  1.29899E+02  1.29750E+02  1.29591E+02  1.29491E+02  1.29444E+02  1.29409E+02  1.29458E+02  1.29661E+02  1.30127E+02          NaN          NaN          NaN
         NaN          NaN  1.29243E+02  1.29043E+02  1.28884E+02  1.28750E+02  1.28654E+02  1.28599E+02  1.28582E+02  1.28628E+02  1.28760E+02  1.28970E+02  1.29066E+02          NaN          NaN
         NaN          NaN  1.28237E+02  1.28116E+02  1.27986E+02  1.27869E+02  1.27778E+02  1.27719E+02  1.27696E+02  1.27719E+02  1.27791E+02  1.27894E+02  1.27977E+02  1.28036E+02          NaN
         NaN  1.27485E+02  1.27329E+02  1.27201E+02  1.27080E+02  1.26970E+02  1.26878E+02  1.26814E+02  1.26781E+02  1.26783E+02  1.26815E+02  1.26861E+02  1.26899E+02  1.26921E+02          NaN
         NaN  1.26443E+02  1.26384E+02  1.26289E+02  1.26178E+02  1.26067E+02  1.25971E+02  1.25900E+02  1.25859E+02  1.25847E+02  1.25858E+02  1.25874E+02  1.25875E+02  1.25849E+02          NaN
 1.25113E+02  1.25458E+02  1.25493E+02  1.25416E+02  1.25299E+02  1.25176E+02  1.25068E+02  1.24988E+02  1.24942E+02  1.24929E+02  1.24939E+02  1.24950E+02  1.24928E+02  1.24801E+02  1.24373E+02
 1.24802E+02  1.24810E+02  1.24742E+02  1.24614E+02  1.24459E+02  1.24305E+02  1.24174E+02  1.24083E+02  1.24037E+02  1.24037E+02  1.24070E+02  1.24116E+02  1.24145E+02  1.24117E+02  1.24015E+02
 1.24519E+02  1.24275E+02  1.24086E+02  1.23875E+02  1.23655E+02  1.23451E+02  1.23286E+02  1.23179E+02  1.23138E+02  1.23165E+02  1.23247E+02  1.23362E+02  1.23483E+02  1.23577E+02  1.23624E+02
         NaN  1.23723E+02  1.23492E+02  1.23188E+02  1.22880E+02  1.22604E+02  1.22389E+02  1.22259E+02  1.22228E+02  1.22297E+02  1.22452E+02  1.22668E+02  1.22916E+02  1.23155E+02  1.23353E+02
         NaN  1.23446E+02  1.23015E+02  1.22552E+02  1.22120E+02  1.21746E+02  1.21460E+02  1.21296E+02  1.21277E+02  1.21405E+02  1.21660E+02  1.22010E+02  1.22425E+02  1.22846E+02          NaN
         NaN  1.23624E+02  1.22615E+02  1.21932E+02  1.21352E+02  1.20851E+02  1.20463E+02  1.20244E+02  1.20237E+02  1.20447E+02  1.20837E+02  1.21353E+02  1.21995E+02  1.23005E+02          NaN
         NaN          NaN  1.21912E+02  1.21257E+02  1.20554E+02  1.19896E+02  1.19351E+02  1.19034E+02  1.19036E+02  1.19369E+02  1.19949E+02  1.20633E+02  1.21238E+02          NaN          NaN
         NaN          NaN  1.21890E+02  1.20675E+02  1.19762E+02  1.18877E+02  1.18063E+02  1.17554E+02  1.17558E+02  1.18100E+02  1.19012E+02  1.20048E+02  1.21125E+02          NaN          NaN
         NaN          NaN          NaN  1.19814E+02  1.18989E+02  1.17833E+02  1.16514E+02  1.15604E+02  1.15587E+02  1.16507E+02  1.18003E+02  1.19454E+02  1.20897E+02          NaN          NaN
         NaN          NaN          NaN  1.19804E+02  1.18589E+02  1.16994E+02  1.14593E+02  1.12793E+02  1.12707E+02  1.14375E+02  1.17080E+02  1.18872E+02          NaN          NaN          NaN
         NaN          NaN          NaN          NaN          NaN          NaN  1.12071E+02  1.08265E+02  1.08072E+02  1.11219E+02          NaN          NaN          NaN          NaN          NaN
         NaN          NaN          NaN          NaN          NaN          NaN          NaN  1.00000E+02  1.00000E+02          NaN          NaN          NaN          NaN          NaN          NaN
LAY 4
         NaN          NaN          NaN          NaN          NaN  1.31023E+02  1.31082E+02  1.31193E+02  1.30966E+02  1.30818E+02          NaN          NaN          NaN          NaN          NaN
         NaN          NaN          NaN          NaN  1.30995E+02  1.30832E+02  1.30798E+02  1.30858E+02  1.30672E+02  1.30577E+02  1.30619E+02  1.30865E+02          NaN          NaN          NaN
         NaN          NaN          NaN  1.30466E+02  1.30437E+02  1.30291E+02  1.30210E+02  1.30186E+02  1.30106E+02  1.30096E+02  1.30206E+02  1.30397E+02          NaN          NaN          NaN
         NaN          NaN          NaN  1.29773E+02  1.29684E+02  1.29559E+02  1.29469E+02  1.29421E+02  1.29392E+02  1.29433E+02  1.29577E+02  1.29799E+02          NaN          NaN          NaN
         NaN          NaN  1.28871E+02  1.28939E+02  1.28849E+02  1.28737E+02  1.28648E+02  1.28595E+02  1.28578E+02  1.28618E+02  1.28720E+02  1.28826E+02  1.28680E+02          NaN          NaN
         NaN          NaN  1.28128E+02  1.28074E+02  1.27973E+02  1.27867E+02  1.27780E+02  1.27723E+02  1.27702E+02  1.27723E+02  1.27782E+02  1.27847E+02  1.27832E+02  1.27670E+02          NaN
         NaN  1.27126E+02  1.27239E+02  1.27180E+02  1.27079E+02  1.26976E+02  1.26888E+02  1.26825E+02  1.26794E+02  1.26796E+02  1.26824E+02  1.26859E+02  1.26869E+02  1.26844E+02          NaN
         NaN  1.26362E+02  1.26358E+02  1.26288E+02  1.26187E+02  1.26080E+02  1.25986E+02  1.25917E+02  1.25877E+02  1.25867E+02  1.25878E+02  1.25892E+02  1.25886E+02  1.25851E+02          NaN
 1.25125E+02  1.25454E+02  1.25497E+02  1.25428E+02  1.25315E+02  1.25194E+02  1.25088E+02  1.25010E+02  1.24966E+02  1.24955E+02  1.24965E+02  1.24978E+02  1.24955E+02  1.24829E+02  1.24408E+02
 1.24819E+02  1.24824E+02  1.24757E+02  1.24632E+02  1.24479E+02  1.24327E+02  1.24198E+02  1.24108E+02  1.24065E+02  1.24066E+02  1.24101E+02  1.24148E+02  1.24178E+02  1.24151E+02  1.24051E+02
 1.24538E+02  1.24290E+02  1.24103E+02  1.23896E+02  1.23678E+02  1.23475E+02  1.23312E+02  1.23207E+02  1.23168E+02  1.23196E+02  1.23279E+02  1.23396E+02  1.23516E+02  1.23610E+02  1.23660E+02
         NaN  1.23723E+02  1.23504E+02  1.23208E+02  1.22904E+02  1.22630E+02  1.22417E+02  1.22289E+02  1.22259E+02  1.22330E+02  1.22485E+02  1.22699E+02  1.22941E+02  1.23173E+02  1.23386E+02
         NaN  1.23376E+02  1.23002E+02  1.22564E+02  1.22142E+02  1.21772E+02  1.21488E+02  1.21326E+02  1.21308E+02  1.21436E+02  1.21690E+02  1.22032E+02  1.22424E+02  1.22789E+02          NaN
         NaN  1.23275E+02  1.22541E+02  1.21929E+02  1.21370E+02  1.20876E+02  1.20491E+02  1.20272E+02  1.20266E+02  1.20476E+02  1.20860E+02  1.21357E+02  1.21929E+02  1.22666E+02          NaN
         NaN          NaN  1.21824E+02  1.21238E+02  1.20565E+02  1.19917E+02  1.19376E+02  1.19059E+02  1.19062E+02  1.19392E+02  1.19961E+02  1.20614E+02  1.21149E+02          NaN          NaN
         NaN          NaN  1.21534E+02  1.20598E+02  1.19757E+02  1.18891E+02  1.18080E+02  1.17572E+02  1.17577E+02  1.18113E+02  1.19003E+02  1.19954E+02  1.20744E+02          NaN          NaN
         NaN          NaN          NaN  1.19724E+02  1.18966E+02  1.17834E+02  1.16511E+02  1.15608E+02  1.15593E+02  1.16507E+02  1.17964E+02  1.19287E+02  1.20435E+02          NaN          NaN
         NaN          NaN          NaN  1.19444E+02  1.18508E+02  1.16968E+02  1.14517E+02  1.12760E+02  1.12693E+02  1.14357E+02  1.16990E+02  1.18488E+02          NaN          NaN          NaN
         NaN          NaN          NaN          NaN          NaN          NaN  1.11689E+02  1.08166E+02  1.08034E+02  1.11207E+02          NaN          NaN          NaN          NaN          NaN
         NaN          NaN          NaN          NaN          NaN          NaN          NaN  1.00000E+02  1.00000E+02          NaN          NaN          NaN          NaN          NaN          NaN
