SP TS  1  1  ITER 23  DELT 86400.0  (NROW,NCOL,NLAY) = (18, 18, 3)   ERROR 8.2915308E-4 %  FORMAT "(*(ES12.5, :, 1x))"     LAY 1
 0.00000E+00  4.66667E+02  9.70894E+02  9.79170E+02  9.79486E+02  9.80078E+02  1.02500E+03  1.12369E+03  1.18428E+03  1.18576E+03  1.18651E+03          NaN          NaN          NaN          NaN          NaN          NaN          NaN
 0.00000E+00  4.60539E+02  9.68839E+02  9.79029E+02  9.79211E+02  9.79777E+02  1.01511E+03  1.10304E+03  1.17061E+03  1.18649E+03  1.18726E+03  1.18865E+03          NaN          NaN          NaN          NaN          NaN          NaN
 0.00000E+00  4.32958E+02  9.61249E+02  9.73607E+02  9.78554E+02  9.57742E+02  9.87477E+02  1.08884E+03  1.17969E+03  1.18678E+03  1.18739E+03  1.19005E+03  1.19179E+03          NaN          NaN          NaN          NaN          NaN
 0.00000E+00  2.91695E+02  7.52498E+02  9.67221E+02  9.71479E+02  9.64356E+02  9.90435E+02  1.08256E+03  1.17654E+03  1.17724E+03  1.15966E+03  1.19236E+03  1.19354E+03  1.19492E+03          NaN          NaN          NaN          NaN
 0.00000E+00  2.20868E+02  5.52047E+02  7.99155E+02  8.97534E+02  9.29430E+02  9.56074E+02  9.83738E+02  1.07756E+03  1.14771E+03  1.15433E+03  1.19415E+03  1.19509E+03  1.19629E+03  1.19729E+03          NaN          NaN          NaN
 0.00000E+00  1.88804E+02  4.63007E+02  6.92595E+02  8.52098E+02  8.92570E+02  9.32762E+02  9.06942E+02  1.00763E+03  1.14773E+03  1.20115E+03  1.19577E+03  1.19637E+03  1.19788E+03  1.19828E+03  1.19834E+03          NaN          NaN
 2.76556E+01  1.89711E+02  4.20514E+02  6.53176E+02  8.57068E+02  9.22116E+02  1.01473E+03  9.51169E+02  1.02376E+03  1.18396E+03  1.25968E+03  1.24239E+03  1.21540E+03  1.20060E+03  1.20003E+03  1.19883E+03  1.19733E+03          NaN
 5.03322E+01  2.09993E+02  4.31346E+02  6.42477E+02  8.50775E+02  9.44381E+02  1.01446E+03  9.53313E+02  1.03680E+03  1.23305E+03  1.33705E+03  1.34638E+03  1.25678E+03  1.20505E+03  1.20372E+03  1.20092E+03  1.19730E+03  1.10000E+03
 6.71868E+01  2.33937E+02  4.44975E+02  6.34745E+02  8.35282E+02  9.25802E+02  9.71058E+02  9.31501E+02  1.04961E+03  1.27558E+03  1.40717E+03  1.44987E+03  1.35659E+03  1.20995E+03  1.20911E+03  1.20470E+03  1.17694E+03  1.10000E+03
 7.74404E+01  2.62591E+02  4.62383E+02  6.35429E+02  8.12441E+02  9.51311E+02  9.90288E+02  9.99731E+02  1.10781E+03  1.28630E+03  1.39535E+03  1.45325E+03  1.42478E+03  1.27680E+03  1.21427E+03  1.20218E+03  1.15909E+03  1.10000E+03
 2.07655E+02  3.36394E+02  4.84482E+02  6.40953E+02  8.09639E+02  9.26594E+02  9.96200E+02  1.04580E+03  1.12956E+03  1.31228E+03  1.44108E+03  1.45696E+03  1.44799E+03  1.31552E+03  1.21730E+03  1.20481E+03  1.15715E+03  1.10000E+03
         NaN          NaN          NaN          NaN  8.71627E+02  9.49881E+02  1.01816E+03  1.06288E+03  1.03673E+03  1.31210E+03  1.45970E+03  1.45979E+03  1.47920E+03  1.37599E+03  1.28480E+03  1.21850E+03  1.16471E+03  1.10000E+03
         NaN          NaN          NaN          NaN          NaN  1.00038E+03  1.06305E+03  1.12383E+03  1.18497E+03  1.33658E+03  1.48297E+03  1.51353E+03  1.51539E+03  1.41918E+03  1.31491E+03  1.22881E+03  1.18196E+03  1.15366E+03
         NaN          NaN          NaN          NaN          NaN          NaN  1.11751E+03  1.18317E+03  1.22502E+03  1.28348E+03  1.37539E+03  1.40499E+03  1.38808E+03  1.33335E+03  1.27605E+03  1.21586E+03  1.19301E+03  1.17767E+03
         NaN          NaN          NaN          NaN          NaN          NaN          NaN  1.23921E+03  1.24107E+03  1.24252E+03  1.28286E+03  1.30360E+03  1.28691E+03  1.21900E+03  1.24073E+03  1.20668E+03  1.19328E+03  1.18876E+03
         NaN          NaN          NaN          NaN          NaN          NaN          NaN          NaN  1.24155E+03  1.24206E+03  1.25555E+03  1.26252E+03  1.24910E+03  1.20620E+03  1.21615E+03  1.19747E+03  1.19335E+03  1.19228E+03
         NaN          NaN          NaN          NaN          NaN          NaN          NaN          NaN          NaN  1.24222E+03  1.24668E+03  1.24725E+03  1.23852E+03  1.22148E+03  1.20943E+03  1.19585E+03  1.19418E+03  1.19366E+03
         NaN          NaN          NaN          NaN          NaN          NaN          NaN          NaN          NaN          NaN  1.24451E+03  1.24216E+03  1.23480E+03  1.22275E+03  1.20812E+03  1.19545E+03  1.19460E+03  1.19410E+03
LAY 2
 0.00000E+00  4.28752E+02  8.24996E+02  9.43356E+02  9.74509E+02  9.92141E+02  1.03070E+03  1.10169E+03  1.15182E+03  1.16995E+03  1.17838E+03          NaN          NaN          NaN          NaN          NaN          NaN          NaN
 0.00000E+00  4.19915E+02  8.15258E+02  9.33337E+02  9.70562E+02  9.85033E+02  1.00808E+03  1.07552E+03  1.14121E+03  1.17059E+03  1.18343E+03  1.18613E+03          NaN          NaN          NaN          NaN          NaN          NaN
 0.00000E+00  3.91236E+02  7.81604E+02  9.13474E+02  9.57147E+02  9.69571E+02  9.88565E+02  1.05524E+03  1.12955E+03  1.16484E+03  1.18622E+03  1.18804E+03  1.19030E+03          NaN          NaN          NaN          NaN          NaN
 0.00000E+00  3.17457E+02  6.53992E+02  8.64427E+02  9.32411E+02  9.53144E+02  9.81409E+02  1.03469E+03  1.09597E+03  1.14078E+03  1.16311E+03  1.18411E+03  1.19181E+03  1.19254E+03          NaN          NaN          NaN          NaN
 0.00000E+00  2.58325E+02  5.36859E+02  7.56091E+02  8.78362E+02  9.34474E+02  9.62065E+02  9.76567E+02  1.02065E+03  1.09862E+03  1.14402E+03  1.17627E+03  1.19171E+03  1.19107E+03  1.19059E+03          NaN          NaN          NaN
 0.00000E+00  2.25859E+02  4.61932E+02  6.94230E+02  8.68184E+02  9.42558E+02  9.71930E+02  9.56278E+02  9.92769E+02  1.08459E+03  1.14704E+03  1.16927E+03  1.18632E+03  1.18041E+03  1.18415E+03  1.18404E+03          NaN          NaN
 8.70444E+01  2.29000E+02  3.89856E+02  6.54835E+02  9.05038E+02  9.74807E+02  1.01850E+03  9.98688E+02  1.01632E+03  1.09640E+03  1.16206E+03  1.17532E+03  1.16914E+03  1.15133E+03  1.15614E+03  1.15552E+03  1.14777E+03          NaN
 1.39608E+02  2.60629E+02  4.35471E+02  6.42402E+02  8.68630E+02  9.85156E+02  1.01723E+03  9.93521E+02  1.01975E+03  1.12838E+03  1.23940E+03  1.27880E+03  1.23147E+03  1.20041E+03  1.19586E+03  1.18501E+03  1.15312E+03  1.10000E+03
 1.77884E+02  2.97519E+02  4.54693E+02  6.24087E+02  8.51193E+02  9.83242E+02  1.01459E+03  9.88148E+02  1.02880E+03  1.18178E+03  1.30428E+03  1.34614E+03  1.28143E+03  1.21378E+03  1.21121E+03  1.20397E+03  1.16088E+03  1.10000E+03
 2.11956E+02  3.30200E+02  4.74635E+02  6.30538E+02  8.22497E+02  9.90812E+02  1.00421E+03  9.97568E+02  1.08893E+03  1.25701E+03  1.36295E+03  1.38983E+03  1.32761E+03  1.23791E+03  1.21413E+03  1.20859E+03  1.16169E+03  1.10000E+03
 2.79384E+02  3.66645E+02  4.92102E+02  6.37235E+02  8.02384E+02  9.26229E+02  9.98397E+02  1.04292E+03  1.13826E+03  1.28661E+03  1.38139E+03  1.39860E+03  1.35390E+03  1.26038E+03  1.21652E+03  1.21138E+03  1.15755E+03  1.10000E+03
         NaN          NaN          NaN          NaN  8.62590E+02  9.40304E+02  1.01853E+03  1.07788E+03  1.14333E+03  1.28903E+03  1.39512E+03  1.41183E+03  1.38372E+03  1.30143E+03  1.25099E+03  1.21344E+03  1.16539E+03  1.10000E+03
         NaN          NaN          NaN          NaN          NaN  9.93610E+02  1.05879E+03  1.12452E+03  1.19483E+03  1.30285E+03  1.40720E+03  1.43905E+03  1.42386E+03  1.33834E+03  1.26563E+03  1.21993E+03  1.18449E+03  1.15457E+03
         NaN          NaN          NaN          NaN          NaN          NaN  1.11128E+03  1.16773E+03  1.22039E+03  1.28045E+03  1.34306E+03  1.36773E+03  1.35504E+03  1.31044E+03  1.25422E+03  1.20548E+03  1.19290E+03  1.18103E+03
         NaN          NaN          NaN          NaN          NaN          NaN          NaN  1.21404E+03  1.23347E+03  1.25249E+03  1.27949E+03  1.29088E+03  1.28016E+03  1.24982E+03  1.22895E+03  1.20251E+03  1.19384E+03  1.18801E+03
         NaN          NaN          NaN          NaN          NaN          NaN          NaN          NaN  1.23977E+03  1.24602E+03  1.25627E+03  1.25952E+03  1.25034E+03  1.23017E+03  1.21891E+03  1.20332E+03  1.19595E+03  1.19256E+03
         NaN          NaN          NaN          NaN          NaN          NaN          NaN          NaN          NaN  1.24478E+03  1.24756E+03  1.24675E+03  1.23933E+03  1.22648E+03  1.21468E+03  1.20246E+03  1.19659E+03  1.19389E+03
         NaN          NaN          NaN          NaN          NaN          NaN          NaN          NaN          NaN          NaN  1.24461E+03  1.24211E+03  1.23535E+03  1.22488E+03  1.21320E+03  1.20198E+03  1.19677E+03  1.19406E+03
LAY 3
 0.00000E+00  3.22813E+02  7.67738E+02  9.62559E+02  9.80143E+02  9.99866E+02  1.03185E+03  1.08493E+03  1.12730E+03  1.15351E+03  1.16874E+03          NaN          NaN          NaN          NaN          NaN          NaN          NaN
 0.00000E+00  3.09401E+02  7.14608E+02  9.15891E+02  9.81758E+02  9.92752E+02  1.01154E+03  1.06147E+03  1.11736E+03  1.15497E+03  1.17753E+03  1.18292E+03          NaN          NaN          NaN          NaN          NaN          NaN
 0.00000E+00  2.86765E+02  6.68049E+02  8.60121E+02  9.50982E+02  9.82995E+02  1.00044E+03  1.04866E+03  1.10005E+03  1.14036E+03  1.17359E+03  1.18618E+03  1.18864E+03          NaN          NaN          NaN          NaN          NaN
 0.00000E+00  2.45847E+02  5.88046E+02  8.00951E+02  9.05423E+02  9.56753E+02  9.88073E+02  1.02829E+03  1.07414E+03  1.11653E+03  1.14931E+03  1.17610E+03  1.18999E+03  1.19063E+03          NaN          NaN          NaN          NaN
 0.00000E+00  2.09143E+02  5.08030E+02  7.25753E+02  8.60085E+02  9.31878E+02  9.71256E+02  9.97996E+02  1.03716E+03  1.08613E+03  1.12184E+03  1.15008E+03  1.17829E+03  1.19000E+03  1.18975E+03          NaN          NaN          NaN
 0.00000E+00  1.91261E+02  4.52652E+02  6.74457E+02  8.41446E+02  9.34329E+02  9.85101E+02  9.97301E+02  1.02272E+03  1.06068E+03  1.08703E+03  1.10662E+03  1.13381E+03  1.14636E+03  1.14919E+03  1.13813E+03          NaN          NaN
 9.49313E+01  2.22886E+02  4.18665E+02  6.39206E+02  8.44484E+02  9.62436E+02  1.02448E+03  1.03136E+03  1.03858E+03  1.04579E+03  1.05301E+03  1.06022E+03  1.06742E+03  1.07461E+03  1.08103E+03  1.08671E+03  1.09170E+03          NaN
 1.92587E+02  2.61889E+02  4.16403E+02  6.08798E+02  8.16113E+02  9.59675E+02  1.02158E+03  1.01876E+03  1.03752E+03  1.06544E+03  1.12701E+03  1.18741E+03  1.18432E+03  1.16899E+03  1.16074E+03  1.14137E+03  1.09614E+03  1.10000E+03
 2.56258E+02  3.29745E+02  4.53733E+02  5.52635E+02  7.48517E+02  9.25716E+02  9.98979E+02  1.01499E+03  1.06544E+03  1.13080E+03  1.19500E+03  1.25745E+03  1.26096E+03  1.22903E+03  1.21140E+03  1.18840E+03  1.12950E+03  1.10000E+03
 2.98694E+02  3.68582E+02  4.78918E+02  5.98911E+02  7.19107E+02  8.80667E+02  9.79804E+02  1.02676E+03  1.11357E+03  1.22906E+03  1.29624E+03  1.31845E+03  1.28426E+03  1.24583E+03  1.21817E+03  1.19468E+03  1.14591E+03  1.10000E+03
 3.29065E+02  3.92558E+02  4.97303E+02  6.23900E+02  7.66595E+02  8.58188E+02  9.64023E+02  1.05702E+03  1.18134E+03  1.32405E+03  1.35414E+03  1.35416E+03  1.31641E+03  1.26738E+03  1.22885E+03  1.19897E+03  1.14895E+03  1.10000E+03
         NaN          NaN          NaN          NaN  8.41326E+02  9.01880E+02  9.97414E+02  1.08364E+03  1.17534E+03  1.30286E+03  1.36718E+03  1.36301E+03  1.33487E+03  1.29212E+03  1.25555E+03  1.20454E+03  1.14516E+03  1.10000E+03
         NaN          NaN          NaN          NaN          NaN  9.78618E+02  1.04536E+03  1.11608E+03  1.19626E+03  1.28818E+03  1.35992E+03  1.37757E+03  1.35897E+03  1.30827E+03  1.25838E+03  1.21438E+03  1.17287E+03  1.14386E+03
         NaN          NaN          NaN          NaN          NaN          NaN  1.10270E+03  1.15433E+03  1.20824E+03  1.26493E+03  1.30692E+03  1.32210E+03  1.31159E+03  1.28049E+03  1.24358E+03  1.21064E+03  1.19199E+03  1.18031E+03
         NaN          NaN          NaN          NaN          NaN          NaN          NaN  1.19672E+03  1.22755E+03  1.24523E+03  1.25792E+03  1.26189E+03  1.25503E+03  1.23974E+03  1.22358E+03  1.20675E+03  1.19721E+03  1.19209E+03
         NaN          NaN          NaN          NaN          NaN          NaN          NaN          NaN  1.23714E+03  1.24499E+03  1.25129E+03  1.25220E+03  1.24558E+03  1.23308E+03  1.22027E+03  1.20771E+03  1.19948E+03  1.19522E+03
         NaN          NaN          NaN          NaN          NaN          NaN          NaN          NaN          NaN  1.24559E+03  1.24673E+03  1.24515E+03  1.23884E+03  1.22865E+03  1.21764E+03  1.20728E+03  1.20013E+03  1.19586E+03
         NaN          NaN          NaN          NaN          NaN          NaN          NaN          NaN          NaN          NaN  1.24435E+03  1.24179E+03  1.23565E+03  1.22651E+03  1.21631E+03  1.20686E+03  1.20025E+03  1.19608E+03
