SP TS  31  6  ITER 31  DELT 106.32880  (NROW,NCOL,NLAY) = (10, 10, 3)   ERROR 9.7844722E-5 %  FORMAT "(*(ES12.5, :, 1x))"     LAY 1
 1.96624E+01  1.93087E+01  1.86354E+01  1.82099E+01  1.80028E+01  1.80016E+01  1.82066E+01  1.86304E+01  1.93025E+01  1.96558E+01
 1.86571E+01  1.81481E+01  1.77185E+01  1.74165E+01  1.72612E+01  1.72595E+01  1.74117E+01  1.77115E+01  1.81400E+01  1.86489E+01
 1.72313E+01  1.67316E+01  1.63580E+01  1.61079E+01  1.59816E+01  1.59793E+01  1.61022E+01  1.63500E+01  1.67224E+01  1.72221E+01
 1.53012E+01  1.48611E+01  1.45595E+01  1.43668E+01  1.42714E+01  1.42696E+01  1.43618E+01  1.45521E+01  1.48525E+01  1.52924E+01
 1.25555E+01  1.24669E+01  1.23637E+01  1.22810E+01  1.22353E+01  1.22339E+01  1.22769E+01  1.23577E+01  1.24597E+01  1.25481E+01
 1.01747E+01  1.01484E+01  1.01099E+01  1.00743E+01  1.00529E+01  1.00519E+01  1.00713E+01  1.01054E+01  1.01430E+01  1.01689E+01
 7.91178E+00  7.89154E+00  7.85884E+00  7.82628E+00  7.80632E+00  7.80562E+00  7.82427E+00  7.85574E+00  7.88772E+00  7.90764E+00
 5.74018E+00  5.69341E+00  5.61524E+00  5.53527E+00  5.48971E+00  5.48925E+00  5.53395E+00  5.61319E+00  5.69084E+00  5.73735E+00
 3.76606E+00  3.62899E+00  3.38260E+00  3.10522E+00  2.98929E+00  2.98905E+00  3.10450E+00  3.38140E+00  3.62741E+00  3.76424E+00
 2.35919E+00  2.01586E+00  1.27408E+00          NaN          NaN          NaN          NaN  1.27347E+00  2.01484E+00  2.35796E+00
LAY 2
-5.77359E+00 -5.76934E+00 -5.77440E+00 -5.78576E+00 -5.80082E+00 -5.81761E+00 -5.83508E+00 -5.85347E+00 -5.87424E+00 -5.89985E+00
-5.83352E+00 -5.06300E+00 -5.38395E+00 -5.87455E+00 -6.35900E+00 -6.72518E+00 -6.69561E+00 -6.37213E+00 -6.00855E+00 -6.02733E+00
-5.92882E+00 -5.55917E+00 -6.07274E+00 -6.84002E+00 -7.25590E+00 -8.26151E+00 -7.96231E+00 -7.19456E+00 -6.88843E+00 -6.16524E+00
-6.04740E+00 -5.80383E+00 -6.21583E+00 -6.78639E+00 -7.08510E+00 -7.46171E+00 -7.37877E+00 -7.08476E+00 -6.89627E+00 -6.29393E+00
-6.18351E+00 -5.96691E+00 -6.14686E+00 -6.42064E+00 -6.70292E+00 -6.92147E+00 -6.94748E+00 -6.82310E+00 -6.64766E+00 -6.41391E+00
-6.32992E+00 -6.08969E+00 -6.14833E+00 -6.26611E+00 -6.38452E+00 -6.47317E+00 -6.50874E+00 -6.49828E+00 -6.47695E+00 -6.52930E+00
-6.48534E+00 -6.31421E+00 -6.33917E+00 -6.39979E+00 -6.45842E+00 -6.50139E+00 -6.52226E+00 -6.52456E+00 -6.53299E+00 -6.64694E+00
-6.64691E+00 -6.69137E+00 -6.74845E+00 -6.80892E+00 -6.85501E+00 -6.87772E+00 -6.87445E+00 -6.84947E+00 -6.81613E+00 -6.76833E+00
-6.80776E+00 -7.01903E+00 -7.05090E+00 -7.08983E+00 -7.11219E+00 -7.11655E+00 -7.10171E+00 -7.06570E+00 -7.03334E+00 -6.88851E+00
-6.95829E+00 -6.99159E+00 -7.01971E+00 -7.04193E+00 -7.05517E+00 -7.05943E+00 -7.05468E+00 -7.04084E+00 -7.02160E+00 -6.99854E+00
LAY 3
-2.76790E+01 -2.78491E+01 -2.81675E+01 -2.85862E+01 -2.90269E+01 -2.93827E+01 -2.95487E+01 -2.95460E+01 -2.94740E+01 -2.94161E+01
-2.76794E+01 -2.79397E+01 -2.84535E+01 -2.91904E+01 -3.00642E+01 -3.08438E+01 -3.09271E+01 -3.05274E+01 -3.01200E+01 -2.98862E+01
-2.73163E+01 -2.77065E+01 -2.85400E+01 -2.99430E+01 -3.21794E+01 -3.57959E+01 -3.49455E+01 -3.22461E+01 -3.07779E+01 -3.01242E+01
-2.60590E+01 -2.63760E+01 -2.70285E+01 -2.80502E+01 -2.94843E+01 -3.13581E+01 -3.10949E+01 -2.97521E+01 -2.88757E+01 -2.84464E+01
-2.41767E+01 -2.43524E+01 -2.46926E+01 -2.51658E+01 -2.57023E+01 -2.61584E+01 -2.62505E+01 -2.60680E+01 -2.58523E+01 -2.57207E+01
-2.22004E+01 -2.22841E+01 -2.24410E+01 -2.26467E+01 -2.28629E+01 -2.30396E+01 -2.31299E+01 -2.31413E+01 -2.31167E+01 -2.30943E+01
-2.04623E+01 -2.05009E+01 -2.05725E+01 -2.06652E+01 -2.07628E+01 -2.08481E+01 -2.09083E+01 -2.09418E+01 -2.09561E+01 -2.09604E+01
-1.91106E+01 -1.91293E+01 -1.91638E+01 -1.92088E+01 -1.92574E+01 -1.93027E+01 -1.93396E+01 -1.93659E+01 -1.93819E+01 -1.93892E+01
-1.81983E+01 -1.82085E+01 -1.82271E+01 -1.82515E+01 -1.82786E+01 -1.83051E+01 -1.83282E+01 -1.83462E+01 -1.83583E+01 -1.83641E+01
-1.77403E+01 -1.77470E+01 -1.77594E+01 -1.77760E+01 -1.77947E+01 -1.78136E+01 -1.78306E+01 -1.78444E+01 -1.78539E+01 -1.78588E+01
