SP TS  1  1  ITER 31  DELT 86400.0  (NROW,NCOL,NLAY) = (15, 15, 3)   ERROR 0.0029161 %  FORMAT "(*(ES12.5, :, 1x))"     LAY 1
 0.00000E+00  2.49451E+01  4.40073E+01  5.92570E+01  7.18241E+01  8.25181E+01  9.19078E+01  1.00036E+02  1.06916E+02  1.12647E+02  1.17386E+02  1.21271E+02  1.24296E+02  1.26382E+02  1.27448E+02
 0.00000E+00  2.44471E+01  4.31041E+01  5.79794E+01  7.01722E+01  8.05752E+01  9.01224E+01  9.83986E+01  1.05308E+02  1.10976E+02  1.15652E+02  1.19597E+02  1.22745E+02  1.24943E+02  1.26070E+02
 0.00000E+00  2.34466E+01  4.13016E+01  5.54338E+01  6.67765E+01  7.62151E+01  8.65126E+01  9.52036E+01  1.02151E+02  1.07607E+02  1.12030E+02  1.16151E+02  1.19625E+02  1.22087E+02  1.23352E+02
 0.00000E+00  2.19160E+01  3.86064E+01  5.17548E+01  6.17951E+01  6.80337E+01  8.13392E+01  9.07544E+01  9.76395E+01  1.02534E+02  1.06088E+02  1.10723E+02  1.14935E+02  1.17891E+02  1.19387E+02
 0.00000E+00  1.97305E+01  3.49161E+01  4.73170E+01  5.76914E+01  6.67419E+01  7.70869E+01  8.57633E+01  9.22250E+01  9.61480E+01  9.72878E+01  1.03128E+02  1.08842E+02  1.12545E+02  1.14341E+02
 0.00000E+00  1.65062E+01  2.95012E+01  4.08997E+01  5.13024E+01  6.12081E+01  7.11900E+01  7.98465E+01  8.64737E+01  9.08200E+01  9.30287E+01  9.42280E+01  1.02089E+02  1.06415E+02  1.08437E+02
 0.00000E+00  1.15501E+01  2.11019E+01  3.12056E+01  4.14004E+01  5.18438E+01  6.30805E+01  7.26783E+01  7.99549E+01  8.49220E+01  8.86001E+01  9.16659E+01  9.64281E+01  9.98210E+01  1.01814E+02
 0.00000E+00  3.48252E+00  6.83210E+00  1.62507E+01  2.63012E+01  3.69668E+01  5.25866E+01  6.43069E+01  7.25206E+01  7.72528E+01  8.19876E+01  8.50059E+01  8.92708E+01  9.17212E+01  9.43373E+01
 0.00000E+00  1.05433E+01  1.91054E+01  2.81188E+01  3.69173E+01  4.52701E+01  5.29539E+01  5.53831E+01  6.51512E+01  6.60742E+01  7.39356E+01  7.37897E+01  8.08389E+01  8.01740E+01  8.64960E+01
 0.00000E+00  1.46244E+01  2.58589E+01  3.53809E+01  4.34875E+01  5.01095E+01  5.49345E+01  5.75471E+01  6.29470E+01  6.55485E+01  7.03864E+01  7.24362E+01  7.67202E+01  7.82734E+01  8.17933E+01
 0.00000E+00  1.71139E+01  2.99557E+01  4.00087E+01  4.77752E+01  5.32393E+01  5.58046E+01  5.33272E+01  6.02648E+01  5.92905E+01  6.64327E+01  6.54486E+01  7.22196E+01  7.10277E+01  7.76157E+01
 0.00000E+00  1.86793E+01  3.25577E+01  4.30727E+01  5.08110E+01  5.59243E+01  5.83327E+01  5.84719E+01  6.19327E+01  6.31797E+01  6.71213E+01  6.84958E+01  7.22870E+01  7.34483E+01  7.68438E+01
 0.00000E+00  1.96719E+01  3.42365E+01  4.51362E+01  5.30051E+01  5.80380E+01  5.99064E+01  5.67489E+01  6.25887E+01  6.09079E+01  6.72178E+01  6.57499E+01  7.18962E+01  7.03436E+01  7.64780E+01
 0.00000E+00  2.02713E+01  3.52734E+01  4.64815E+01  5.46128E+01  6.00758E+01  6.31704E+01  6.45185E+01  6.72476E+01  6.87858E+01  7.16394E+01  7.31730E+01  7.58334E+01  7.70219E+01  7.90860E+01
 0.00000E+00  2.05574E+01  3.57771E+01  4.71608E+01  5.54803E+01  6.12627E+01  6.50221E+01  6.75219E+01  6.99407E+01  7.20124E+01  7.42835E+01  7.62132E+01  7.82114E+01  7.96555E+01  8.08139E+01
LAY 2
 0.00000E+00  2.46629E+01  4.37303E+01  5.90181E+01  7.16110E+01  8.23210E+01  9.17239E+01  9.98622E+01  1.06750E+02  1.12486E+02  1.17230E+02  1.21118E+02  1.24147E+02  1.26235E+02  1.27301E+02
 0.00000E+00  2.41682E+01  4.28291E+01  5.77406E+01  6.99553E+01  8.03614E+01  8.99323E+01  9.82219E+01  1.05140E+02  1.10813E+02  1.15490E+02  1.19441E+02  1.22594E+02  1.24793E+02  1.25922E+02
 0.00000E+00  2.31741E+01  4.10300E+01  5.51936E+01  6.65336E+01  7.57736E+01  8.62898E+01  9.50191E+01  1.01977E+02  1.07429E+02  1.11819E+02  1.15979E+02  1.19467E+02  1.21934E+02  1.23201E+02
 0.00000E+00  2.16520E+01  3.83383E+01  5.15048E+01  6.13505E+01  6.01692E+01  8.08991E+01  9.05516E+01  9.74513E+01  1.02271E+02  1.05351E+02  1.10448E+02  1.14759E+02  1.17732E+02  1.19232E+02
 0.00000E+00  1.94768E+01  3.46513E+01  4.70729E+01  5.74419E+01  6.62986E+01  7.68553E+01  8.55660E+01  9.19980E+01  9.54114E+01  9.10879E+01  1.02147E+02  1.08596E+02  1.12375E+02  1.14181E+02
 0.00000E+00  1.62677E+01  2.92436E+01  4.06547E+01  5.10692E+01  6.09763E+01  7.09783E+01  7.96483E+01  8.62764E+01  9.05371E+01  9.20575E+01  8.62320E+01  1.01661E+02  1.06230E+02  1.08271E+02
 0.00000E+00  1.13833E+01  2.09475E+01  3.10482E+01  4.12490E+01  5.16987E+01  6.28977E+01  7.24798E+01  7.97617E+01  8.47273E+01  8.83478E+01  9.12431E+01  9.62227E+01  9.96476E+01  1.01644E+02
 0.00000E+00  4.20894E+00  8.32987E+00  1.75840E+01  2.75770E+01  3.82485E+01  5.29445E+01  6.41892E+01  7.23406E+01  7.71160E+01  8.18112E+01  8.48616E+01  8.91020E+01  9.15938E+01  9.41696E+01
 0.00000E+00  1.03825E+01  1.89642E+01  2.79799E+01  3.67906E+01  4.51614E+01  5.28619E+01  5.61324E+01  6.50779E+01  6.67886E+01  7.38660E+01  7.44815E+01  8.07713E+01  8.08450E+01  8.63783E+01
 0.00000E+00  1.43957E+01  2.56138E+01  3.51500E+01  4.32730E+01  4.99119E+01  5.47616E+01  5.74816E+01  6.27941E+01  6.54856E+01  7.02376E+01  7.23748E+01  7.65748E+01  7.82091E+01  8.16360E+01
 0.00000E+00  1.68745E+01  2.97045E+01  3.97779E+01  4.75624E+01  5.30447E+01  5.56778E+01  5.40934E+01  6.02029E+01  6.00411E+01  6.63721E+01  6.61797E+01  7.21604E+01  7.17397E+01  7.75025E+01
 0.00000E+00  1.84343E+01  3.23056E+01  4.28453E+01  5.06023E+01  5.57296E+01  5.81613E+01  5.84088E+01  6.17831E+01  6.31204E+01  6.69751E+01  6.84383E+01  7.21440E+01  7.33907E+01  7.66876E+01
 0.00000E+00  1.94228E+01  3.39832E+01  4.49103E+01  5.27992E+01  5.78485E+01  5.97801E+01  5.74976E+01  6.25252E+01  6.16479E+01  6.71559E+01  6.64755E+01  7.18359E+01  7.10518E+01  7.63647E+01
 0.00000E+00  2.00196E+01  3.50190E+01  4.62560E+01  5.44074E+01  5.98832E+01  6.29914E+01  6.43912E+01  6.70801E+01  6.86615E+01  7.14752E+01  7.30518E+01  7.56728E+01  7.69031E+01  7.89209E+01
 0.00000E+00  2.03042E+01  3.55220E+01  4.69352E+01  5.52751E+01  6.10696E+01  6.48363E+01  6.73426E+01  6.97607E+01  7.18367E+01  7.41067E+01  7.60408E+01  7.80379E+01  7.94860E+01  8.06420E+01
LAY 3
 1.80041E+00  2.43420E+01  4.33635E+01  5.86993E+01  7.13264E+01  8.20574E+01  9.14783E+01  9.96303E+01  1.06529E+02  1.12273E+02  1.17022E+02  1.20915E+02  1.23947E+02  1.26037E+02  1.27105E+02
 1.76398E+00  2.38507E+01  4.24648E+01  5.74217E+01  6.96645E+01  8.00726E+01  8.96773E+01  9.79860E+01  1.04915E+02  1.10595E+02  1.15272E+02  1.19232E+02  1.22391E+02  1.24594E+02  1.25724E+02
 1.69061E+00  2.28628E+01  4.06701E+01  5.48716E+01  6.62023E+01  7.52803E+01  8.59854E+01  9.47716E+01  1.01744E+02  1.07188E+02  1.11518E+02  1.15744E+02  1.19256E+02  1.21730E+02  1.23000E+02
 1.57772E+00  2.13489E+01  3.79828E+01  5.11674E+01  6.08513E+01  6.26944E+01  8.04082E+01  9.02770E+01  9.71951E+01  1.01881E+02  1.04109E+02  1.10039E+02  1.14518E+02  1.17519E+02  1.19025E+02
 1.41527E+00  1.91826E+01  3.43005E+01  4.67463E+01  5.71021E+01  6.58022E+01  7.65393E+01  8.53000E+01  9.16756E+01  9.41686E+01  7.74635E+01  1.00675E+02  1.08240E+02  1.12145E+02  1.13966E+02
 1.17626E+00  1.59894E+01  2.89065E+01  4.03322E+01  5.07610E+01  6.06672E+01  7.06964E+01  7.93835E+01  8.60083E+01  9.01182E+01  9.05963E+01  8.85528E+01  1.01181E+02  1.05980E+02  1.08048E+02
 8.27306E-01  1.12139E+01  2.07902E+01  3.08837E+01  4.10902E+01  5.15454E+01  6.26719E+01  7.22198E+01  7.95044E+01  8.44639E+01  8.79853E+01  9.07699E+01  9.59415E+01  9.94167E+01  1.01417E+02
 4.33095E-01  5.13139E+00  1.01900E+01  1.92666E+01  2.91860E+01  3.98362E+01  5.34036E+01  6.40682E+01  7.21095E+01  7.69543E+01  8.15804E+01  8.46855E+01  8.88827E+01  9.14434E+01  9.39499E+01
 7.54281E-01  1.02192E+01  1.88239E+01  2.78394E+01  3.66640E+01  4.50574E+01  5.27759E+01  5.70277E+01  6.50217E+01  6.76418E+01  7.38126E+01  7.53072E+01  8.07195E+01  8.16443E+01  8.62424E+01
 1.03905E+00  1.41268E+01  2.52935E+01  3.48467E+01  4.29912E+01  4.96530E+01  5.45404E+01  5.74366E+01  6.26055E+01  6.54432E+01  7.00541E+01  7.23332E+01  7.63953E+01  7.81624E+01  8.14341E+01
 1.22416E+00  1.65941E+01  2.93718E+01  3.94705E+01  4.72790E+01  5.27874E+01  5.55303E+01  5.50100E+01  6.01631E+01  6.09416E+01  6.63333E+01  6.70568E+01  7.21222E+01  7.25914E+01  7.73738E+01
 1.34123E+00  1.81497E+01  3.19716E+01  4.25419E+01  5.03239E+01  5.54709E+01  5.79404E+01  5.83666E+01  6.15990E+01  6.30833E+01  6.67952E+01  6.84026E+01  7.19681E+01  7.33532E+01  7.64876E+01
 1.41522E+00  1.91350E+01  3.36477E+01  4.46090E+01  5.25245E+01  5.75976E+01  5.96325E+01  5.83905E+01  6.24819E+01  6.25330E+01  6.71142E+01  6.73434E+01  7.17953E+01  7.18967E+01  7.62353E+01
 1.45970E+00  1.97293E+01  3.46820E+01  4.59551E+01  5.41333E+01  5.96267E+01  6.27566E+01  6.42429E+01  6.68645E+01  6.85173E+01  7.12639E+01  7.29111E+01  7.54659E+01  7.67648E+01  7.87048E+01
 1.48086E+00  2.00127E+01  3.51841E+01  4.66342E+01  5.50011E+01  6.08121E+01  6.45889E+01  6.71055E+01  6.95215E+01  7.16044E+01  7.38720E+01  7.58129E+01  7.78074E+01  7.92619E+01  8.04132E+01
