# LAY  ROW  COL  COND     [BGroup]  [xyz]   -> Budget_Group block specified, so input must include BGroup. xyz is the auxiliary integer flags if there are AUXILIARY options specified (there are none in this example).
  1    1    1    5.0E+02  GHB_North       # GHB1
  1    1    2    5.0E+02  GHB_North       # GHB2
  1    1    3    5.0E+02  GHB_North       # GHB3
  1    1    4    5.0E+02  GHB_North       # GHB4
#
# Flag to indicate that all the GHB cells have been specified for this feed file.
#   After TEMPORAL keyword, each uncommented line represents 1 stress period of input.
#
TEMPORAL INPUT
#
#GHB1   GHB2    GHB3    GHB4
#
84.0    83.0    82.0    81.0  # Stress Period 1
85.8    84.8    83.8    82.8  # Stress Period 2
86.5    85.5    84.5    83.5  # Stress Period 3
85.8    84.8    83.8    82.8  # Stress Period 4
84.0    83.0    82.0    81.0  # Stress Period 5
81.5    80.5    79.5    78.5  # Stress Period 6
79.0    78.0    77.0    76.0  # and so forth...
77.2    76.2    75.2    74.2
76.5    75.5    74.5    73.5
77.2    76.2    75.2    74.2
79.0    78.0    77.0    76.0
81.5    80.5    79.5    78.5
84.0    83.0    82.0    81.0
85.8    84.8    83.8    82.8
86.5    85.5    84.5    83.5
85.8    84.8    83.8    82.8
84.0    83.0    82.0    81.0
81.5    80.5    79.5    78.5
79.0    78.0    77.0    76.0
77.2    76.2    75.2    74.2
76.5    75.5    74.5    73.5
77.2    76.2    75.2    74.2
79.0    78.0    77.0    76.0
81.5    80.5    79.5    78.5
84.0    83.0    82.0    81.0
85.8    84.8    83.8    82.8
86.5    85.5    84.5    83.5
85.8    84.8    83.8    82.8
84.0    83.0    82.0    81.0
81.5    80.5    79.5    78.5
79.0    78.0    77.0    76.0
77.2    76.2    75.2    74.2
76.5    75.5    74.5    73.5
77.2    76.2    75.2    74.2
79.0    78.0    77.0    76.0
81.5    80.5    79.5    78.5
84.0    83.0    82.0    81.0
85.8    84.8    83.8    82.8
86.5    85.5    84.5    83.5
85.8    84.8    83.8    82.8
84.0    83.0    82.0    81.0
81.5    80.5    79.5    78.5
79.0    78.0    77.0    76.0
77.2    76.2    75.2    74.2
76.5    75.5    74.5    73.5
77.2    76.2    75.2    74.2
79.0    78.0    77.0    76.0
81.5    80.5    79.5    78.5
84.0    83.0    82.0    81.0
85.8    84.8    83.8    82.8
86.5    85.5    84.5    83.5
85.8    84.8    83.8    82.8
84.0    83.0    82.0    81.0
81.5    80.5    79.5    78.5
79.0    78.0    77.0    76.0
77.2    76.2    75.2    74.2
76.5    75.5    74.5    73.5
77.2    76.2    75.2    74.2
79.0    78.0    77.0    76.0
81.5    80.5    79.5    78.5
84.0    83.0    82.0    81.0
85.8    84.8    83.8    82.8
86.5    85.5    84.5    83.5
85.8    84.8    83.8    82.8
84.0    83.0    82.0    81.0
81.5    80.5    79.5    78.5
79.0    78.0    77.0    76.0
77.2    76.2    75.2    74.2
76.5    75.5    74.5    73.5
77.2    76.2    75.2    74.2
79.0    78.0    77.0    76.0
81.5    80.5    79.5    78.5
84.0    83.0    82.0    81.0
85.8    84.8    83.8    82.8
86.5    85.5    84.5    83.5
85.8    84.8    83.8    82.8
84.0    83.0    82.0    81.0
81.5    80.5    79.5    78.5
79.0    78.0    77.0    76.0
77.2    76.2    75.2    74.2
76.5    75.5    74.5    73.5
77.2    76.2    75.2    74.2
79.0    78.0    77.0    76.0
81.5    80.5    79.5    78.5
84.0    83.0    82.0    81.0
85.8    84.8    83.8    82.8
86.5    85.5    84.5    83.5
85.8    84.8    83.8    82.8
84.0    83.0    82.0    81.0
81.5    80.5    79.5    78.5
79.0    78.0    77.0    76.0
77.2    76.2    75.2    74.2
76.5    75.5    74.5    73.5
77.2    76.2    75.2    74.2
79.0    78.0    77.0    76.0
81.5    80.5    79.5    78.5
84.0    83.0    82.0    81.0
85.8    84.8    83.8    82.8
86.5    85.5    84.5    83.5
85.8    84.8    83.8    82.8
84.0    83.0    82.0    81.0
81.5    80.5    79.5    78.5
79.0    78.0    77.0    76.0
77.2    76.2    75.2    74.2
76.5    75.5    74.5    73.5
77.2    76.2    75.2    74.2
79.0    78.0    77.0    76.0
81.5    80.5    79.5    78.5
84.0    83.0    82.0    81.0
85.8    84.8    83.8    82.8
86.5    85.5    84.5    83.5
85.8    84.8    83.8    82.8
84.0    83.0    82.0    81.0
81.5    80.5    79.5    78.5
79.0    78.0    77.0    76.0
77.2    76.2    75.2    74.2
76.5    75.5    74.5    73.5
77.2    76.2    75.2    74.2
79.0    78.0    77.0    76.0
81.5    80.5    79.5    78.5