3800.0 3793.5 3788.0 3784.0 3781.9 -999.0 -999.0 -999.0 -999.0 -999.0 3746.3 3745.3 3743.5 3741.5 3739.5 3737.7 3736.3 3735.6 -999.0 -999.0
3800.0 3792.5 3786.4 3782.1 3779.8 -999.0 -999.0 -999.0 -999.0 -999.0 3747.4 3745.9 3743.8 3741.5 3739.3 3737.4 3735.7 3734.8 -999.0 -999.0
3800.0 3792.2 3783.8 3779.2 3775.4 3769.9 3765.6 3761.6 3757.8 3754.1 3750.1 3747.1 3744.3 3741.5 3738.9 3736.7 3734.5 3733.1 -999.0 -999.0
-999.0 -999.0 3777.2 3775.3 3772.5 3768.9 3765.1 3761.4 3757.8 3754.3 3750.7 3747.0 3743.9 3740.9 3738.0 3735.4 3732.4 3730.0 -999.0 -999.0
-999.0 -999.0 3772.6 3771.3 3769.1 3766.3 3763.1 3759.9 3756.6 3753.3 3749.9 3746.5 3743.3 3740.1 3736.9 3733.7 3729.6 3724.5 3715.8 3707.0
-999.0 -999.0 3769.1 3768.1 3766.4 3764.0 3761.3 3758.4 3755.4 3752.3 3749.2 3745.9 3742.6 3739.2 3735.7 3732.1 3727.7 3722.3 3715.4 3707.3
-999.0 -999.0 3766.6 3765.8 3764.2 3762.0 3759.6 3757.0 3754.3 3751.4 3748.4 3745.3 3742.0 3738.4 3734.5 3730.2 3725.2 3719.3 3712.2 3703.9
-999.0 -999.0 3764.9 3764.1 3762.5 3760.3 3758.1 3755.8 3753.3 3750.7 3747.9 3744.8 3741.6 3737.9 3733.6 3728.8 3723.4 3717.1 3709.8 3701.4
-999.0 -999.0 3764.1 3763.2 3761.5 3758.7 3756.6 3754.6 3752.4 3750.0 3747.4 3744.6 3741.5 3737.8 3733.2 3728.0 3722.3 3715.8 3708.3 3699.8
-999.0 -999.0 -999.0 -999.0 -999.0 3756.2 3755.1 3753.6 3751.7 3749.6 3747.2 3744.7 3742.0 3738.6 3733.2 3727.7 3721.8 3715.1 3707.6 3699.0
-999.0 -999.0 -999.0 -999.0 -999.0 3754.8 3754.1 3752.8 3751.2 3749.3 3747.2 3745.1 3743.0 3741.4 -999.0 -999.0 -999.0 -999.0 -999.0 -999.0
-999.0 -999.0 -999.0 -999.0 -999.0 3754.2 3753.6 3752.4 3750.9 3749.1 3747.2 3745.3 3743.6 3742.5 -999.0 -999.0 -999.0 -999.0 -999.0 -999.0