3800.0 3799.0 3789.0 3787.0 3783.8 -999.0 -999.0 -999.0 -999.0 -999.0
3760.1 3755.9 3755.7 3748.6 3744.3 3742.9 3740.4 3739.0 -999.0 -999.0
3800.0 3794.0 3787.5 3782.5 3783.6 -999.0 -999.0 -999.0 -999.0 -999.0
3757.4 3758.5 3752.6 3746.9 3742.7 3741.7 3740.1 3738.3 -999.0 -999.0
3800.0 3798.0 3788.0 3782.5 3781.6 3778.3 3774.4 3771.7 3767.9 3764.3
3756.5 3753.5 3750.5 3746.5 3742.0 3741.0 3738.6 3735.8 -999.0 -999.0
-999.0 -999.0 3788.9 3781.0 3779.0 3777.5 3772.5 3768.0 3764.0 3761.0
3757.5 3755.7 3752.7 3747.6 3744.4 3740.0 3738.1 3734.2 -999.0 -999.0
-999.0 -999.0 3790.2 3782.4 3782.1 3779.5 3772.5 3768.6 3767.1 3762.8
3760.0 3758.8 3753.2 3749.4 3745.6 3739.0 3736.6 3733.4 3727.5 3724.3
-999.0 -999.0 3792.6 3782.5 3785.8 3780.1 3776.5 3771.5 3767.8 3766.3
3761.9 3758.9 3755.2 3749.8 3747.6 3738.0 3735.0 3730.5 3727.5 3723.5
-999.0 -999.0 3792.7 3786.3 3789.6 3783.5 3779.1 3773.9 3769.5 3768.4
3764.2 3760.8 3757.0 3752.3 3749.1 3738.3 3737.8 3731.9 3727.9 3724.1
-999.0 -999.0 3794.0 3786.8 3790.3 3787.4 3779.7 3774.5 3770.7 3772.2
3765.6 3763.1 3758.7 3755.2 3751.8 3738.9 3740.4 3731.9 3729.6 3724.4
-999.0 -999.0 3796.1 3789.5 3793.7 3790.4 3783.1 3774.9 3773.5 3773.3
3768.7 3763.8 3760.5 3755.7 3753.7 3739.7 3742.9 3733.5 3730.0 3725.2
-999.0 -999.0 -999.0 -999.0 -999.0 3793.6 3786.9 3776.1 3777.0 3774.2
3772.3 3766.8 3761.7 3756.0 3754.7 3740.4 3744.8 3734.6 3731.4 3726.1
-999.0 -999.0 -999.0 -999.0 -999.0 3794.6 3788.6 3776.7 3778.7 3778.2
3772.7 3767.0 3763.7 3756.7 -999.0 -999.0 -999.0 -999.0 -999.0 -999.0
-999.0 -999.0 -999.0 -999.0 -999.0 3797.8 3792.1 3780.6 3780.9 3778.9
3775.2 3767.2 3766.6 3758.6 -999.0 -999.0 -999.0 -999.0 -999.0 -999.0