SP TS  1  1  ITER 9  DELT 0.0  (NROW,NCOL,NLAY) = (11, 11, 1)   ERROR 4.5381109E-7 %  FORMAT "(*(ES12.5, :, 1x))"     LAY 1
 5.00000E+01  6.13018E+01  6.84930E+01  7.31703E+01  7.63720E+01  7.87061E+01  8.05770E+01  8.22832E+01  8.43384E+01  8.89457E+01  1.00000E+02
 5.00000E+01  6.13063E+01  6.84963E+01  7.31649E+01  7.63496E+01  7.86597E+01  8.05094E+01  8.22270E+01  8.43072E+01  8.89337E+01  1.00000E+02
 5.00000E+01  6.13216E+01  6.85125E+01  7.31630E+01  7.63095E+01  7.85584E+01  8.03314E+01  8.20317E+01  8.42124E+01  8.89015E+01  1.00000E+02
 5.00000E+01  6.13630E+01  6.85658E+01  7.31878E+01  7.62721E+01  7.84061E+01  7.99589E+01  8.13362E+01  8.39754E+01  8.88372E+01  1.00000E+02
 5.00000E+01  6.14595E+01  6.87111E+01  7.32823E+01  7.62909E+01  7.82948E+01  7.94527E+01  7.91964E+01  8.35861E+01  8.87655E+01  1.00000E+02
 5.00000E+01  6.16535E+01  6.90818E+01  7.34934E+01  7.64301E+01  7.84859E+01  7.99978E+01  8.13520E+01  8.39801E+01  8.88385E+01  1.00000E+02
 5.00000E+01  6.19325E+01  7.00950E+01  7.37750E+01  7.65847E+01  7.86938E+01  8.03974E+01  8.20541E+01  8.42201E+01  8.89038E+01  1.00000E+02
 5.00000E+01  6.16763E+01  6.91285E+01  7.35813E+01  7.65960E+01  7.88034E+01  8.05879E+01  8.22552E+01  8.43177E+01  8.89372E+01  1.00000E+02
 5.00000E+01  6.14999E+01  6.87923E+01  7.34303E+01  7.65670E+01  7.88449E+01  8.06663E+01  8.23197E+01  8.43539E+01  8.89514E+01  1.00000E+02
 5.00000E+01  6.14139E+01  6.86627E+01  7.33498E+01  7.65406E+01  7.88561E+01  8.06953E+01  8.23413E+01  8.43668E+01  8.89568E+01  1.00000E+02
 5.00000E+01  6.13805E+01  6.86163E+01  7.33165E+01  7.65268E+01  7.88577E+01  8.07043E+01  8.23479E+01  8.43709E+01  8.89586E+01  1.00000E+02
