SP TS  3  60  ITER 7  DELT 365.25  (NROW,NCOL,NLAY) = (20, 15, 4)   ERROR 5.5204897E-9 %  FORMAT "(*(ES12.5, :, 1x))"     LAY 1
         NaN          NaN          NaN          NaN          NaN  1.30895E+02  1.31064E+02  1.31770E+02  1.30932E+02  1.30646E+02          NaN          NaN          NaN          NaN          NaN
         NaN          NaN          NaN          NaN  1.31626E+02  1.30803E+02  1.30757E+02  1.31333E+02  1.30600E+02  1.30413E+02  1.30580E+02  1.31488E+02          NaN          NaN          NaN
         NaN          NaN          NaN  1.31099E+02  1.30513E+02  1.30156E+02  1.30043E+02  1.30080E+02  1.29918E+02  1.29893E+02  1.30078E+02  1.30481E+02          NaN          NaN          NaN
         NaN          NaN          NaN  1.29758E+02  1.29545E+02  1.29350E+02  1.29239E+02  1.29194E+02  1.29153E+02  1.29210E+02  1.29475E+02  1.30291E+02          NaN          NaN          NaN
         NaN          NaN  1.29458E+02  1.28881E+02  1.28649E+02  1.28493E+02  1.28390E+02  1.28332E+02  1.28313E+02  1.28366E+02  1.28530E+02  1.28847E+02  1.29293E+02          NaN          NaN
         NaN          NaN  1.28083E+02  1.27892E+02  1.27731E+02  1.27602E+02  1.27506E+02  1.27444E+02  1.27421E+02  1.27446E+02  1.27531E+02  1.27674E+02  1.27860E+02  1.28246E+02          NaN
         NaN  1.27691E+02  1.27158E+02  1.26957E+02  1.26815E+02  1.26697E+02  1.26602E+02  1.26535E+02  1.26501E+02  1.26502E+02  1.26538E+02  1.26597E+02  1.26664E+02  1.26736E+02          NaN
         NaN  1.26266E+02  1.26148E+02  1.26027E+02  1.25906E+02  1.25791E+02  1.25692E+02  1.25618E+02  1.25575E+02  1.25562E+02  1.25572E+02  1.25591E+02  1.25599E+02  1.25582E+02          NaN
 1.24842E+02  1.25202E+02  1.25228E+02  1.25144E+02  1.25023E+02  1.24898E+02  1.24787E+02  1.24705E+02  1.24657E+02  1.24642E+02  1.24650E+02  1.24661E+02  1.24639E+02  1.24513E+02  1.24078E+02
 1.24527E+02  1.24539E+02  1.24468E+02  1.24338E+02  1.24181E+02  1.24025E+02  1.23893E+02  1.23800E+02  1.23752E+02  1.23750E+02  1.23781E+02  1.23826E+02  1.23853E+02  1.23825E+02  1.23719E+02
 1.24244E+02  1.24004E+02  1.23813E+02  1.23600E+02  1.23378E+02  1.23172E+02  1.23006E+02  1.22897E+02  1.22855E+02  1.22880E+02  1.22960E+02  1.23074E+02  1.23194E+02  1.23288E+02  1.23330E+02
         NaN  1.23471E+02  1.23228E+02  1.22917E+02  1.22606E+02  1.22328E+02  1.22112E+02  1.21981E+02  1.21949E+02  1.22016E+02  1.22170E+02  1.22387E+02  1.22638E+02  1.22884E+02  1.23064E+02
         NaN  1.23270E+02  1.22780E+02  1.22292E+02  1.21852E+02  1.21475E+02  1.21188E+02  1.21023E+02  1.21003E+02  1.21131E+02  1.21386E+02  1.21743E+02  1.22180E+02  1.22657E+02          NaN
         NaN  1.23838E+02  1.22448E+02  1.21693E+02  1.21094E+02  1.20588E+02  1.20199E+02  1.19979E+02  1.19972E+02  1.20182E+02  1.20576E+02  1.21111E+02  1.21823E+02  1.23211E+02          NaN
         NaN          NaN  1.21764E+02  1.21039E+02  1.20310E+02  1.19644E+02  1.19098E+02  1.18781E+02  1.18783E+02  1.19118E+02  1.19706E+02  1.20420E+02  1.21096E+02          NaN          NaN
         NaN          NaN  1.22123E+02  1.20524E+02  1.19540E+02  1.18640E+02  1.17827E+02  1.17318E+02  1.17322E+02  1.17868E+02  1.18801E+02  1.19920E+02  1.21391E+02          NaN          NaN
         NaN          NaN          NaN  1.19682E+02  1.18790E+02  1.17618E+02  1.16311E+02  1.15398E+02  1.15378E+02  1.16302E+02  1.17830E+02  1.19408E+02  1.21250E+02          NaN          NaN
         NaN          NaN          NaN  1.20056E+02  1.18455E+02  1.16811E+02  1.14480E+02  1.12645E+02  1.12542E+02  1.14207E+02  1.16965E+02  1.19156E+02          NaN          NaN          NaN
         NaN          NaN          NaN          NaN          NaN          NaN  1.12397E+02  1.08232E+02  1.07977E+02  1.11073E+02          NaN          NaN          NaN          NaN          NaN
         NaN          NaN          NaN          NaN          NaN          NaN          NaN  1.00000E+02  1.00000E+02          NaN          NaN          NaN          NaN          NaN          NaN
LAY 2
         NaN          NaN          NaN          NaN          NaN  1.30890E+02  1.31056E+02  1.31646E+02  1.30924E+02  1.30642E+02          NaN          NaN          NaN          NaN          NaN
         NaN          NaN          NaN          NaN  1.31501E+02  1.30794E+02  1.30749E+02  1.31213E+02  1.30593E+02  1.30409E+02  1.30573E+02  1.31365E+02          NaN          NaN          NaN
         NaN          NaN          NaN  1.30974E+02  1.30501E+02  1.30152E+02  1.30040E+02  1.30074E+02  1.29916E+02  1.29891E+02  1.30075E+02  1.30470E+02          NaN          NaN          NaN
         NaN          NaN          NaN  1.29750E+02  1.29541E+02  1.29348E+02  1.29238E+02  1.29193E+02  1.29152E+02  1.29210E+02  1.29470E+02  1.30173E+02          NaN          NaN          NaN
         NaN          NaN  1.29335E+02  1.28875E+02  1.28647E+02  1.28492E+02  1.28390E+02  1.28332E+02  1.28314E+02  1.28366E+02  1.28530E+02  1.28840E+02  1.29172E+02          NaN          NaN
         NaN          NaN  1.28078E+02  1.27891E+02  1.27731E+02  1.27603E+02  1.27507E+02  1.27446E+02  1.27422E+02  1.27448E+02  1.27533E+02  1.27674E+02  1.27854E+02  1.28126E+02          NaN
         NaN  1.27570E+02  1.27154E+02  1.26957E+02  1.26816E+02  1.26699E+02  1.26604E+02  1.26538E+02  1.26504E+02  1.26506E+02  1.26541E+02  1.26600E+02  1.26666E+02  1.26735E+02          NaN
         NaN  1.26263E+02  1.26149E+02  1.26029E+02  1.25909E+02  1.25794E+02  1.25695E+02  1.25622E+02  1.25579E+02  1.25566E+02  1.25577E+02  1.25596E+02  1.25604E+02  1.25587E+02          NaN
 1.24845E+02  1.25205E+02  1.25231E+02  1.25147E+02  1.25027E+02  1.24901E+02  1.24791E+02  1.24710E+02  1.24662E+02  1.24647E+02  1.24656E+02  1.24667E+02  1.24646E+02  1.24519E+02  1.24086E+02
 1.24531E+02  1.24543E+02  1.24472E+02  1.24342E+02  1.24185E+02  1.24030E+02  1.23898E+02  1.23805E+02  1.23758E+02  1.23756E+02  1.23788E+02  1.23833E+02  1.23860E+02  1.23832E+02  1.23727E+02
 1.24248E+02  1.24008E+02  1.23817E+02  1.23604E+02  1.23383E+02  1.23177E+02  1.23011E+02  1.22903E+02  1.22861E+02  1.22886E+02  1.22967E+02  1.23081E+02  1.23202E+02  1.23295E+02  1.23338E+02
         NaN  1.23475E+02  1.23233E+02  1.22922E+02  1.22611E+02  1.22334E+02  1.22118E+02  1.21987E+02  1.21955E+02  1.22023E+02  1.22177E+02  1.22394E+02  1.22646E+02  1.22891E+02  1.23072E+02
         NaN  1.23270E+02  1.22784E+02  1.22297E+02  1.21857E+02  1.21481E+02  1.21194E+02  1.21030E+02  1.21010E+02  1.21137E+02  1.21393E+02  1.21750E+02  1.22187E+02  1.22659E+02          NaN
         NaN  1.23718E+02  1.22447E+02  1.21697E+02  1.21099E+02  1.20594E+02  1.20205E+02  1.19985E+02  1.19978E+02  1.20189E+02  1.20582E+02  1.21116E+02  1.21824E+02  1.23093E+02          NaN
         NaN          NaN  1.21763E+02  1.21043E+02  1.20314E+02  1.19649E+02  1.19104E+02  1.18786E+02  1.18789E+02  1.19124E+02  1.19711E+02  1.20425E+02  1.21096E+02          NaN          NaN
         NaN          NaN  1.22002E+02  1.20523E+02  1.19544E+02  1.18645E+02  1.17832E+02  1.17323E+02  1.17327E+02  1.17873E+02  1.18805E+02  1.19920E+02  1.21269E+02          NaN          NaN
         NaN          NaN          NaN  1.19682E+02  1.18794E+02  1.17621E+02  1.16315E+02  1.15402E+02  1.15381E+02  1.16306E+02  1.17832E+02  1.19403E+02  1.21124E+02          NaN          NaN
         NaN          NaN          NaN  1.19934E+02  1.18454E+02  1.16813E+02  1.14478E+02  1.12645E+02  1.12542E+02  1.14208E+02  1.16964E+02  1.19033E+02          NaN          NaN          NaN
         NaN          NaN          NaN          NaN          NaN          NaN  1.12268E+02  1.08222E+02  1.07972E+02  1.11074E+02          NaN          NaN          NaN          NaN          NaN
         NaN          NaN          NaN          NaN          NaN          NaN          NaN  1.00000E+02  1.00000E+02          NaN          NaN          NaN          NaN          NaN          NaN
LAY 3
         NaN          NaN          NaN          NaN          NaN  1.30819E+02  1.30932E+02  1.31285E+02  1.30808E+02  1.30593E+02          NaN          NaN          NaN          NaN          NaN
         NaN          NaN          NaN          NaN  1.31114E+02  1.30676E+02  1.30637E+02  1.30901E+02  1.30496E+02  1.30356E+02  1.30460E+02  1.30981E+02          NaN          NaN          NaN
         NaN          NaN          NaN  1.30587E+02  1.30334E+02  1.30085E+02  1.29988E+02  1.29994E+02  1.29874E+02  1.29857E+02  1.30004E+02  1.30298E+02          NaN          NaN          NaN
         NaN          NaN          NaN  1.29627E+02  1.29477E+02  1.29318E+02  1.29218E+02  1.29171E+02  1.29136E+02  1.29185E+02  1.29389E+02  1.29853E+02          NaN          NaN          NaN
         NaN          NaN  1.28973E+02  1.28773E+02  1.28614E+02  1.28480E+02  1.28384E+02  1.28328E+02  1.28311E+02  1.28357E+02  1.28490E+02  1.28700E+02  1.28796E+02          NaN          NaN
         NaN          NaN  1.27971E+02  1.27850E+02  1.27719E+02  1.27601E+02  1.27510E+02  1.27451E+02  1.27428E+02  1.27452E+02  1.27524E+02  1.27628E+02  1.27712E+02  1.27770E+02          NaN
         NaN  1.27220E+02  1.27066E+02  1.26937E+02  1.26816E+02  1.26705E+02  1.26614E+02  1.26549E+02  1.26517E+02  1.26519E+02  1.26551E+02  1.26598E+02  1.26637E+02  1.26659E+02          NaN
         NaN  1.26183E+02  1.26124E+02  1.26029E+02  1.25917E+02  1.25806E+02  1.25710E+02  1.25639E+02  1.25598E+02  1.25586E+02  1.25597E+02  1.25614E+02  1.25616E+02  1.25590E+02          NaN
 1.24857E+02  1.25201E+02  1.25235E+02  1.25159E+02  1.25042E+02  1.24919E+02  1.24811E+02  1.24731E+02  1.24685E+02  1.24672E+02  1.24682E+02  1.24694E+02  1.24672E+02  1.24546E+02  1.24120E+02
 1.24547E+02  1.24556E+02  1.24487E+02  1.24360E+02  1.24205E+02  1.24051E+02  1.23921E+02  1.23830E+02  1.23785E+02  1.23784E+02  1.23818E+02  1.23864E+02  1.23893E+02  1.23865E+02  1.23762E+02
 1.24266E+02  1.24023E+02  1.23835E+02  1.23625E+02  1.23405E+02  1.23202E+02  1.23037E+02  1.22930E+02  1.22890E+02  1.22917E+02  1.22999E+02  1.23114E+02  1.23234E+02  1.23328E+02  1.23374E+02
         NaN  1.23475E+02  1.23245E+02  1.22942E+02  1.22634E+02  1.22359E+02  1.22146E+02  1.22016E+02  1.21986E+02  1.22054E+02  1.22209E+02  1.22424E+02  1.22671E+02  1.22909E+02  1.23104E+02
         NaN  1.23201E+02  1.22771E+02  1.22310E+02  1.21879E+02  1.21507E+02  1.21222E+02  1.21059E+02  1.21040E+02  1.21168E+02  1.21422E+02  1.21771E+02  1.22185E+02  1.22604E+02          NaN
         NaN  1.23378E+02  1.22375E+02  1.21695E+02  1.21117E+02  1.20618E+02  1.20232E+02  1.20013E+02  1.20007E+02  1.20217E+02  1.20605E+02  1.21120E+02  1.21760E+02  1.22763E+02          NaN
         NaN          NaN  1.21677E+02  1.21025E+02  1.20325E+02  1.19670E+02  1.19128E+02  1.18811E+02  1.18815E+02  1.19147E+02  1.19724E+02  1.20406E+02  1.21009E+02          NaN          NaN
         NaN          NaN  1.21656E+02  1.20448E+02  1.19539E+02  1.18658E+02  1.17849E+02  1.17342E+02  1.17347E+02  1.17887E+02  1.18796E+02  1.19828E+02  1.20898E+02          NaN          NaN
         NaN          NaN          NaN  1.19593E+02  1.18772E+02  1.17623E+02  1.16312E+02  1.15407E+02  1.15390E+02  1.16307E+02  1.17795E+02  1.19239E+02  1.20674E+02          NaN          NaN
         NaN          NaN          NaN  1.19583E+02  1.18375E+02  1.16790E+02  1.14406E+02  1.12619E+02  1.12534E+02  1.14193E+02  1.16878E+02  1.18659E+02          NaN          NaN          NaN
         NaN          NaN          NaN          NaN          NaN          NaN  1.11903E+02  1.08137E+02  1.07946E+02  1.11065E+02          NaN          NaN          NaN          NaN          NaN
         NaN          NaN          NaN          NaN          NaN          NaN          NaN  1.00000E+02  1.00000E+02          NaN          NaN          NaN          NaN          NaN          NaN
LAY 4
         NaN          NaN          NaN          NaN          NaN  1.30746E+02  1.30805E+02  1.30916E+02  1.30690E+02  1.30542E+02          NaN          NaN          NaN          NaN          NaN
         NaN          NaN          NaN          NaN  1.30718E+02  1.30556E+02  1.30522E+02  1.30581E+02  1.30396E+02  1.30301E+02  1.30344E+02  1.30589E+02          NaN          NaN          NaN
         NaN          NaN          NaN  1.30191E+02  1.30162E+02  1.30016E+02  1.29935E+02  1.29912E+02  1.29832E+02  1.29822E+02  1.29931E+02  1.30122E+02          NaN          NaN          NaN
         NaN          NaN          NaN  1.29501E+02  1.29412E+02  1.29287E+02  1.29197E+02  1.29148E+02  1.29119E+02  1.29160E+02  1.29305E+02  1.29526E+02          NaN          NaN          NaN
         NaN          NaN  1.28602E+02  1.28670E+02  1.28579E+02  1.28467E+02  1.28378E+02  1.28324E+02  1.28308E+02  1.28348E+02  1.28450E+02  1.28557E+02  1.28411E+02          NaN          NaN
         NaN          NaN  1.27861E+02  1.27807E+02  1.27706E+02  1.27600E+02  1.27513E+02  1.27456E+02  1.27434E+02  1.27456E+02  1.27516E+02  1.27580E+02  1.27567E+02  1.27405E+02          NaN
         NaN  1.26863E+02  1.26976E+02  1.26916E+02  1.26815E+02  1.26711E+02  1.26623E+02  1.26561E+02  1.26530E+02  1.26532E+02  1.26561E+02  1.26596E+02  1.26607E+02  1.26582E+02          NaN
         NaN  1.26102E+02  1.26098E+02  1.26028E+02  1.25926E+02  1.25819E+02  1.25725E+02  1.25656E+02  1.25617E+02  1.25607E+02  1.25618E+02  1.25632E+02  1.25627E+02  1.25593E+02          NaN
 1.24869E+02  1.25197E+02  1.25240E+02  1.25170E+02  1.25057E+02  1.24937E+02  1.24831E+02  1.24753E+02  1.24709E+02  1.24698E+02  1.24709E+02  1.24722E+02  1.24700E+02  1.24574E+02  1.24155E+02
 1.24564E+02  1.24569E+02  1.24503E+02  1.24378E+02  1.24225E+02  1.24073E+02  1.23945E+02  1.23855E+02  1.23812E+02  1.23813E+02  1.23848E+02  1.23896E+02  1.23926E+02  1.23899E+02  1.23799E+02
 1.24284E+02  1.24038E+02  1.23853E+02  1.23646E+02  1.23428E+02  1.23226E+02  1.23064E+02  1.22958E+02  1.22920E+02  1.22949E+02  1.23031E+02  1.23147E+02  1.23267E+02  1.23361E+02  1.23410E+02
         NaN  1.23475E+02  1.23257E+02  1.22962E+02  1.22659E+02  1.22386E+02  1.22174E+02  1.22046E+02  1.22017E+02  1.22087E+02  1.22242E+02  1.22456E+02  1.22696E+02  1.22927E+02  1.23138E+02
         NaN  1.23131E+02  1.22759E+02  1.22323E+02  1.21902E+02  1.21533E+02  1.21251E+02  1.21089E+02  1.21071E+02  1.21200E+02  1.21452E+02  1.21794E+02  1.22183E+02  1.22547E+02          NaN
         NaN  1.23031E+02  1.22302E+02  1.21692E+02  1.21135E+02  1.20643E+02  1.20260E+02  1.20042E+02  1.20036E+02  1.20246E+02  1.20629E+02  1.21124E+02  1.21693E+02  1.22426E+02          NaN
         NaN          NaN  1.21590E+02  1.21006E+02  1.20337E+02  1.19691E+02  1.19152E+02  1.18837E+02  1.18841E+02  1.19170E+02  1.19737E+02  1.20387E+02  1.20920E+02          NaN          NaN
         NaN          NaN  1.21302E+02  1.20371E+02  1.19535E+02  1.18673E+02  1.17866E+02  1.17362E+02  1.17367E+02  1.17901E+02  1.18786E+02  1.19734E+02  1.20519E+02          NaN          NaN
         NaN          NaN          NaN  1.19503E+02  1.18749E+02  1.17624E+02  1.16310E+02  1.15413E+02  1.15399E+02  1.16308E+02  1.17756E+02  1.19071E+02  1.20213E+02          NaN          NaN
         NaN          NaN          NaN  1.19225E+02  1.18295E+02  1.16765E+02  1.14333E+02  1.12593E+02  1.12526E+02  1.14177E+02  1.16790E+02  1.18278E+02          NaN          NaN          NaN
         NaN          NaN          NaN          NaN          NaN          NaN  1.11531E+02  1.08050E+02  1.07920E+02  1.11056E+02          NaN          NaN          NaN          NaN          NaN
         NaN          NaN          NaN          NaN          NaN          NaN          NaN  1.00000E+02  1.00000E+02          NaN          NaN          NaN          NaN          NaN          NaN
