SP TS  1  1  ITER 21  DELT 86400.0  (NROW,NCOL,NLAY) = (15, 15, 3)   ERROR 3.3936511E-6 %  FORMAT "(*(ES12.5, :, 1x))"     LAY 1
 0.00000E+00  2.38160E+01  4.24824E+01  5.75987E+01  7.01365E+01  8.08347E+01  9.02299E+01  9.83692E+01  1.05267E+02  1.11018E+02  1.15778E+02  1.19680E+02  1.22722E+02  1.24822E+02  1.25896E+02
 0.00000E+00  2.33517E+01  4.16194E+01  5.63604E+01  6.85227E+01  7.89279E+01  8.84670E+01  9.67464E+01  1.03669E+02  1.09356E+02  1.14049E+02  1.18009E+02  1.21172E+02  1.23383E+02  1.24519E+02
 0.00000E+00  2.24204E+01  3.99005E+01  5.38979E+01  6.52115E+01  7.46585E+01  8.49114E+01  9.35892E+01  1.00543E+02  1.06012E+02  1.10447E+02  1.14577E+02  1.18062E+02  1.20536E+02  1.21810E+02
 0.00000E+00  2.09966E+01  3.73357E+01  5.03492E+01  6.03679E+01  6.66734E+01  7.98298E+01  8.92097E+01  9.60922E+01  1.00996E+02  1.04555E+02  1.09187E+02  1.13400E+02  1.16362E+02  1.17865E+02
 0.00000E+00  1.89576E+01  3.38254E+01  4.60877E+01  5.64166E+01  6.54608E+01  7.57095E+01  8.43289E+01  9.07714E+01  9.47046E+01  9.58683E+01  1.01670E+02  1.07356E+02  1.11054E+02  1.12854E+02
 0.00000E+00  1.59170E+01  2.86378E+01  3.98974E+01  5.02351E+01  6.00964E+01  6.99931E+01  7.85571E+01  8.51288E+01  8.94558E+01  9.16668E+01  9.28797E+01  1.00667E+02  1.04975E+02  1.06998E+02
 0.00000E+00  1.11874E+01  2.05375E+01  3.05317E+01  4.06683E+01  5.10592E+01  6.21846E+01  7.15838E+01  7.87386E+01  8.36425E+01  8.72908E+01  9.03348E+01  9.50618E+01  9.84378E+01  1.00435E+02
 0.00000E+00  3.44502E+00  6.83562E+00  1.62115E+01  2.62318E+01  3.68716E+01  5.22805E+01  6.34529E+01  7.14488E+01  7.60826E+01  8.07651E+01  8.37424E+01  8.79860E+01  9.04159E+01  9.30409E+01
 0.00000E+00  1.02602E+01  1.86799E+01  2.76266E+01  3.64012E+01  4.47327E+01  5.23309E+01  5.46410E+01  6.41929E+01  6.50972E+01  7.28467E+01  7.27088E+01  7.96859E+01  7.90381E+01  8.53037E+01
 0.00000E+00  1.41727E+01  2.52116E+01  3.46472E+01  4.27272E+01  4.93431E+01  5.41465E+01  5.67089E+01  6.19980E+01  6.45527E+01  6.93264E+01  7.13496E+01  7.55964E+01  7.71218E+01  8.06426E+01
 0.00000E+00  1.65281E+01  2.91404E+01  3.91042E+01  4.68517E+01  5.23291E+01  5.49138E+01  5.24480E+01  5.93021E+01  5.83311E+01  6.53975E+01  6.44239E+01  7.11389E+01  6.99683E+01  7.64976E+01
 0.00000E+00  1.79904E+01  3.16128E+01  4.20399E+01  4.97689E+01  5.49091E+01  5.73516E+01  5.75043E+01  6.09425E+01  6.21842E+01  6.60885E+01  6.74574E+01  7.12169E+01  7.23754E+01  7.57417E+01
 0.00000E+00  1.89093E+01  3.31978E+01  4.40105E+01  5.18776E+01  5.69467E+01  5.88632E+01  5.57551E+01  6.15673E+01  5.99096E+01  6.61721E+01  6.47202E+01  7.08214E+01  6.92824E+01  7.53716E+01
 0.00000E+00  1.94620E+01  3.41749E+01  4.52963E+01  5.34294E+01  5.89291E+01  6.20622E+01  6.34245E+01  6.61667E+01  6.77000E+01  7.05528E+01  7.20762E+01  7.47338E+01  7.59143E+01  7.79792E+01
 0.00000E+00  1.97256E+01  3.46499E+01  4.59472E+01  5.42707E+01  6.00910E+01  6.38899E+01  6.64130E+01  6.88449E+01  7.09186E+01  7.31891E+01  7.51140E+01  7.71094E+01  7.85503E+01  7.97100E+01
LAY 2
 0.00000E+00  2.35706E+01  4.22243E+01  5.73690E+01  6.99280E+01  8.06400E+01  9.00477E+01  9.81968E+01  1.05102E+02  1.10859E+02  1.15622E+02  1.19528E+02  1.22572E+02  1.24673E+02  1.25749E+02
 0.00000E+00  2.31085E+01  4.13629E+01  5.61310E+01  6.83108E+01  7.87170E+01  8.82795E+01  9.65718E+01  1.03503E+02  1.09193E+02  1.13887E+02  1.17853E+02  1.21021E+02  1.23234E+02  1.24371E+02
 0.00000E+00  2.21810E+01  3.96466E+01  5.36672E+01  6.49740E+01  7.42192E+01  8.46925E+01  9.34078E+01  1.00372E+02  1.05836E+02  1.10237E+02  1.14406E+02  1.17906E+02  1.20384E+02  1.21659E+02
 0.00000E+00  2.07619E+01  3.70840E+01  5.01089E+01  5.99282E+01  5.87959E+01  7.93962E+01  8.90113E+01  9.59067E+01  1.00734E+02  1.03821E+02  1.08914E+02  1.13225E+02  1.16204E+02  1.17710E+02
 0.00000E+00  1.87276E+01  3.35747E+01  4.58527E+01  5.61729E+01  6.50180E+01  7.54829E+01  8.41360E+01  9.05471E+01  9.39682E+01  8.96637E+01  1.00690E+02  1.07112E+02  1.10885E+02  1.12694E+02
 0.00000E+00  1.56959E+01  2.83930E+01  3.96631E+01  5.00108E+01  5.98714E+01  6.97878E+01  7.83641E+01  8.49350E+01  8.91745E+01  9.06954E+01  8.48765E+01  1.00241E+02  1.04792E+02  1.06832E+02
 0.00000E+00  1.10314E+01  2.03974E+01  3.03883E+01  4.05292E+01  5.09240E+01  6.20079E+01  7.13919E+01  7.85499E+01  8.34513E+01  8.70409E+01  8.99139E+01  9.48589E+01  9.82669E+01  1.00266E+02
 0.00000E+00  4.14843E+00  8.28447E+00  1.74939E+01  2.74543E+01  3.80909E+01  5.25824E+01  6.33395E+01  7.12738E+01  7.59513E+01  8.05920E+01  8.36036E+01  8.78201E+01  9.02933E+01  9.28741E+01
 0.00000E+00  1.01080E+01  1.85490E+01  2.74964E+01  3.62803E+01  4.46263E+01  5.22391E+01  5.53778E+01  6.41223E+01  6.57994E+01  7.27765E+01  7.33897E+01  7.96166E+01  7.96987E+01  8.51851E+01
 0.00000E+00  1.39581E+01  2.49766E+01  3.44242E+01  4.25186E+01  4.91493E+01  5.39752E+01  5.66422E+01  6.18471E+01  6.44904E+01  6.91792E+01  7.12897E+01  7.54523E+01  7.70621E+01  8.04852E+01
 0.00000E+00  1.63074E+01  2.89003E+01  3.88806E+01  4.66436E+01  5.21372E+01  5.47872E+01  5.32084E+01  5.92426E+01  5.90756E+01  6.53390E+01  6.51493E+01  7.10808E+01  7.06729E+01  7.63858E+01
 0.00000E+00  1.77678E+01  3.13733E+01  4.18197E+01  4.95646E+01  5.47167E+01  5.71807E+01  5.74416E+01  6.07936E+01  6.21242E+01  6.59431E+01  6.73990E+01  7.10745E+01  7.23171E+01  7.55862E+01
 0.00000E+00  1.86851E+01  3.29583E+01  4.37921E+01  5.16758E+01  5.67592E+01  5.87367E+01  5.64978E+01  6.15041E+01  6.06433E+01  6.61110E+01  6.54403E+01  7.07621E+01  6.99861E+01  7.52602E+01
 0.00000E+00  1.92365E+01  3.39349E+01  4.50784E+01  5.32281E+01  5.87385E+01  6.18844E+01  6.33006E+01  6.60009E+01  6.75791E+01  7.03902E+01  7.19579E+01  7.45743E+01  7.57977E+01  7.78145E+01
 0.00000E+00  1.94994E+01  3.44095E+01  4.57292E+01  5.40693E+01  5.98996E+01  6.37047E+01  6.62343E+01  6.86653E+01  7.07435E+01  7.30128E+01  7.49421E+01  7.69361E+01  7.83810E+01  7.95379E+01
LAY 3
 1.72303E+00  2.32951E+01  4.18829E+01  5.70626E+01  6.96496E+01  8.03798E+01  8.98046E+01  9.79667E+01  1.04882E+02  1.10645E+02  1.15414E+02  1.19325E+02  1.22372E+02  1.24476E+02  1.25552E+02
 1.68891E+00  2.28348E+01  4.10236E+01  5.58248E+01  6.80268E+01  7.84318E+01  8.80280E+01  9.63386E+01  1.03280E+02  1.08977E+02  1.13671E+02  1.17646E+02  1.20819E+02  1.23034E+02  1.24173E+02
 1.62026E+00  2.19105E+01  3.93107E+01  5.33582E+01  6.46500E+01  7.37286E+01  8.43933E+01  9.31645E+01  1.00142E+02  1.05598E+02  1.09939E+02  1.14174E+02  1.17696E+02  1.20180E+02  1.21457E+02
 1.51465E+00  2.04947E+01  3.67505E+01  4.97845E+01  5.94354E+01  6.13060E+01  7.89132E+01  8.87423E+01  9.56541E+01  1.00348E+02  1.02581E+02  1.08508E+02  1.12986E+02  1.15993E+02  1.17504E+02
 1.36213E+00  1.84626E+01  3.32429E+01  4.55383E+01  5.58407E+01  6.45222E+01  7.51734E+01  8.38758E+01  9.02282E+01  9.27254E+01  7.60337E+01  9.92193E+01  1.06759E+02  1.10657E+02  1.12481E+02
 1.13571E+00  1.54391E+01  2.80731E+01  3.93548E+01  4.97143E+01  5.95712E+01  6.95144E+01  7.81062E+01  8.46714E+01  8.87578E+01  8.92336E+01  8.71888E+01  9.97630E+01  1.04544E+02  1.06611E+02
 8.02252E-01  1.08747E+01  2.02570E+01  3.02402E+01  4.03847E+01  5.07815E+01  6.17883E+01  7.11402E+01  7.82986E+01  8.31925E+01  8.66816E+01  8.94430E+01  9.45810E+01  9.80394E+01  1.00041E+02
 4.24449E-01  5.04203E+00  1.00841E+01  1.91127E+01  2.89961E+01  3.96006E+01  5.29723E+01  6.32220E+01  7.10490E+01  7.57961E+01  8.03657E+01  8.34340E+01  8.76047E+01  9.01486E+01  9.26557E+01
 7.34667E-01  9.95479E+00  1.84204E+01  2.73653E+01  3.61596E+01  4.45234E+01  5.21514E+01  5.62582E+01  6.40688E+01  6.66380E+01  7.27218E+01  7.42023E+01  7.95621E+01  8.04856E+01  8.50476E+01
 1.00809E+00  1.37066E+01  2.46696E+01  3.41312E+01  4.22446E+01  4.88954E+01  5.37558E+01  5.65952E+01  6.16610E+01  6.44482E+01  6.89977E+01  7.12494E+01  7.52745E+01  7.70203E+01  8.02834E+01
 1.18401E+00  1.60501E+01  2.85825E+01  3.85826E+01  4.63666E+01  5.18835E+01  5.46399E+01  5.41179E+01  5.92055E+01  5.99689E+01  6.53023E+01  6.60196E+01  7.10436E+01  7.15159E+01  7.62586E+01
 1.29404E+00  1.75106E+01  3.10562E+01  4.15259E+01  4.92919E+01  5.44610E+01  5.69605E+01  5.73995E+01  6.06104E+01  6.20859E+01  6.57642E+01  6.73620E+01  7.08993E+01  7.22782E+01  7.53869E+01
 1.36296E+00  1.84277E+01  3.26413E+01  4.35008E+01  5.14067E+01  5.65110E+01  5.85888E+01  5.73835E+01  6.14608E+01  6.15211E+01  6.60700E+01  6.63018E+01  7.07226E+01  7.08256E+01  7.51332E+01
 1.40422E+00  1.89786E+01  3.36173E+01  4.47876E+01  5.29594E+01  5.84847E+01  6.16511E+01  6.31562E+01  6.57875E+01  6.74388E+01  7.01809E+01  7.18206E+01  7.43691E+01  7.56620E+01  7.75991E+01
 1.42381E+00  1.92410E+01  3.40913E+01  4.54384E+01  5.38005E+01  5.96444E+01  6.34582E+01  6.59980E+01  6.84267E+01  7.05121E+01  7.27786E+01  7.47149E+01  7.67060E+01  7.81574E+01  7.93090E+01
