SP TS  121  10  ITER 100  DELT 3.0420000  (NROW,NCOL,NLAY) = (23, 20, 7)   ERROR 0.6723332 %  FORMAT "(*(ES12.5, :, 1x))"     DEC-2009    LAY 1
 2.94029E+02  2.93283E+02  2.92522E+02  2.91706E+02  2.90830E+02  2.89894E+02  2.88896E+02  2.87835E+02  2.86706E+02  2.85499E+02  2.84206E+02  2.82820E+02  2.81338E+02  2.79757E+02  2.78077E+02  2.76293E+02  2.74401E+02  2.72395E+02  2.70252E+02  2.67750E+02
 2.94045E+02  2.93300E+02  2.92542E+02  2.91726E+02  2.90849E+02  2.89913E+02  2.88917E+02  2.87859E+02  2.86734E+02  2.85532E+02  2.84244E+02  2.82860E+02  2.81376E+02  2.79795E+02  2.78114E+02  2.76330E+02  2.74438E+02  2.72432E+02  2.70288E+02  2.67781E+02
 2.94074E+02  2.93332E+02  2.92583E+02  2.91766E+02  2.90889E+02  2.89952E+02  2.88958E+02  2.87905E+02  2.86789E+02  2.85598E+02  2.84320E+02  2.82943E+02  2.81452E+02  2.79870E+02  2.78189E+02  2.76405E+02  2.74514E+02  2.72508E+02  2.70366E+02  2.67846E+02
 2.94111E+02  2.93372E+02  2.92624E+02  2.91794E+02  2.90913E+02  2.89975E+02  2.88982E+02  2.87935E+02  2.86832E+02  2.85657E+02  2.84396E+02  2.83043E+02  2.81559E+02  2.79980E+02  2.78301E+02  2.76520E+02  2.74629E+02  2.72621E+02  2.70470E+02  2.67947E+02
 2.94159E+02  2.93423E+02  2.92675E+02  2.91842E+02  2.90957E+02  2.90016E+02  2.89022E+02  2.87983E+02  2.86897E+02  2.85744E+02  2.84504E+02  2.83170E+02  2.81698E+02  2.80127E+02  2.78454E+02  2.76677E+02  2.74790E+02  2.72781E+02  2.70624E+02  2.68092E+02
 2.94223E+02  2.93494E+02  2.92743E+02  2.91908E+02  2.91021E+02  2.90075E+02  2.89078E+02  2.88050E+02  2.86987E+02  2.85860E+02  2.84646E+02  2.83333E+02  2.81875E+02  2.80313E+02  2.78648E+02  2.76879E+02  2.75004E+02  2.72993E+02  2.70833E+02  2.68291E+02
 2.94308E+02  2.93580E+02  2.92833E+02  2.91998E+02  2.91106E+02  2.90155E+02  2.89160E+02  2.88146E+02  2.87109E+02  2.86013E+02  2.84830E+02  2.83542E+02  2.82096E+02  2.80542E+02  2.78886E+02  2.77128E+02  2.75259E+02  2.73262E+02  2.71104E+02  2.68553E+02
 2.94424E+02  2.93707E+02  2.92956E+02  2.92116E+02  2.91216E+02  2.90256E+02  2.89255E+02  2.88262E+02  2.87263E+02  2.86213E+02  2.85070E+02  2.83812E+02  2.82366E+02  2.80813E+02  2.79169E+02  2.77428E+02  2.75580E+02  2.73602E+02  2.71453E+02  2.68893E+02
 2.94585E+02  2.93867E+02  2.93119E+02  2.92273E+02  2.91359E+02  2.90374E+02  2.89338E+02  2.88376E+02  2.87446E+02  2.86473E+02  2.85380E+02  2.84189E+02  2.82691E+02  2.81120E+02  2.79487E+02  2.77776E+02  2.75964E+02  2.74019E+02  2.71893E+02  2.69326E+02
 2.94802E+02  2.94093E+02  2.93338E+02  2.92481E+02  2.91548E+02  2.90519E+02  2.89293E+02  2.88431E+02  2.87666E+02  2.86866E+02  2.85783E+02  2.84873E+02  2.83057E+02  2.81444E+02  2.79834E+02  2.78173E+02  2.76423E+02  2.74537E+02  2.72449E+02  2.69876E+02
 2.95085E+02  2.94380E+02  2.93627E+02  2.92764E+02  2.91822E+02  2.90806E+02  2.89736E+02  2.88739E+02  2.87779E+02  2.86808E+02  2.85806E+02  2.84988E+02  2.83273E+02  2.81733E+02  2.80189E+02  2.78613E+02  2.76966E+02  2.75181E+02  2.73172E+02  2.70580E+02
 2.95463E+02  2.94764E+02  2.94003E+02  2.93138E+02  2.92175E+02  2.91141E+02  2.90063E+02  2.88985E+02  2.87919E+02  2.86855E+02  2.85793E+02  2.84798E+02  2.83383E+02  2.82017E+02  2.80545E+02  2.79094E+02  2.77613E+02  2.75993E+02  2.74191E+02  2.71482E+02
 2.96044E+02  2.95343E+02  2.94581E+02  2.93704E+02  2.92679E+02  2.91587E+02  2.90443E+02  2.89287E+02  2.88131E+02  2.86975E+02  2.85818E+02  2.84685E+02  2.83539E+02  2.82474E+02  2.80884E+02  2.79625E+02  2.78458E+02  2.77073E+02  2.76159E+02  2.72689E+02
 2.95433E+02  2.94732E+02  2.93966E+02  2.93118E+02  2.92174E+02  2.91129E+02  2.90041E+02  2.88944E+02  2.87853E+02  2.86760E+02  2.85654E+02  2.84527E+02  2.83354E+02  2.82147E+02  2.80849E+02  2.79647E+02  2.78667E+02  2.76594E+02  2.74596E+02  2.71802E+02
 2.95025E+02  2.94316E+02  2.93559E+02  2.92725E+02  2.91810E+02  2.90785E+02  2.89700E+02  2.88657E+02  2.87633E+02  2.86609E+02  2.85561E+02  2.84463E+02  2.83261E+02  2.81992E+02  2.80725E+02  2.79562E+02  2.78820E+02  2.76216E+02  2.73885E+02  2.71155E+02
 2.94712E+02  2.93995E+02  2.93244E+02  2.92423E+02  2.91527E+02  2.90499E+02  2.89277E+02  2.88319E+02  2.87401E+02  2.86483E+02  2.85546E+02  2.84554E+02  2.83321E+02  2.81821E+02  2.80477E+02  2.79192E+02  2.78127E+02  2.75661E+02  2.73304E+02  2.70600E+02
 2.94468E+02  2.93746E+02  2.93001E+02  2.92198E+02  2.91330E+02  2.90356E+02  2.89321E+02  2.88320E+02  2.87325E+02  2.86310E+02  2.85258E+02  2.84136E+02  2.82884E+02  2.81535E+02  2.80136E+02  2.78671E+02  2.77081E+02  2.75020E+02  2.72761E+02  2.70104E+02
 2.94280E+02  2.93555E+02  2.92816E+02  2.92025E+02  2.91180E+02  2.90244E+02  2.89263E+02  2.88262E+02  2.87236E+02  2.86175E+02  2.85067E+02  2.83891E+02  2.82623E+02  2.81259E+02  2.79802E+02  2.78231E+02  2.76505E+02  2.74503E+02  2.72293E+02  2.69675E+02
 2.94136E+02  2.93409E+02  2.92672E+02  2.91890E+02  2.91060E+02  2.90147E+02  2.89189E+02  2.88191E+02  2.87150E+02  2.86062E+02  2.84919E+02  2.83708E+02  2.82412E+02  2.81017E+02  2.79513E+02  2.77882E+02  2.76098E+02  2.74099E+02  2.71911E+02  2.69319E+02
 2.94028E+02  2.93299E+02  2.92562E+02  2.91782E+02  2.90959E+02  2.90068E+02  2.89122E+02  2.88125E+02  2.87075E+02  2.85970E+02  2.84805E+02  2.83567E+02  2.82244E+02  2.80821E+02  2.79283E+02  2.77613E+02  2.75790E+02  2.73788E+02  2.71612E+02  2.69041E+02
 2.93950E+02  2.93218E+02  2.92480E+02  2.91699E+02  2.90868E+02  2.89982E+02  2.89039E+02  2.88041E+02  2.86986E+02  2.85869E+02  2.84687E+02  2.83430E+02  2.82086E+02  2.80640E+02  2.79079E+02  2.77386E+02  2.75548E+02  2.73555E+02  2.71391E+02  2.68837E+02
 2.93899E+02  2.93165E+02  2.92425E+02  2.91643E+02  2.90811E+02  2.89925E+02  2.88983E+02  2.87983E+02  2.86923E+02  2.85799E+02  2.84606E+02  2.83336E+02  2.81977E+02  2.80516E+02  2.78940E+02  2.77235E+02  2.75391E+02  2.73402E+02  2.71246E+02  2.68704E+02
 2.93874E+02  2.93139E+02  2.92398E+02  2.91615E+02  2.90782E+02  2.89896E+02  2.88953E+02  2.87953E+02  2.86891E+02  2.85763E+02  2.84565E+02  2.83288E+02  2.81921E+02  2.80452E+02  2.78869E+02  2.77158E+02  2.75313E+02  2.73325E+02  2.71174E+02  2.68641E+02
LAY 2
 2.94023E+02  2.93281E+02  2.92521E+02  2.91706E+02  2.90830E+02  2.89894E+02  2.88896E+02  2.87835E+02  2.86705E+02  2.85499E+02  2.84206E+02  2.82820E+02  2.81337E+02  2.79756E+02  2.78076E+02  2.76292E+02  2.74400E+02  2.72395E+02  2.70258E+02  2.67842E+02
 2.94039E+02  2.93299E+02  2.92541E+02  2.91726E+02  2.90849E+02  2.89913E+02  2.88917E+02  2.87859E+02  2.86734E+02  2.85532E+02  2.84243E+02  2.82860E+02  2.81376E+02  2.79794E+02  2.78113E+02  2.76329E+02  2.74437E+02  2.72432E+02  2.70294E+02  2.67873E+02
 2.94067E+02  2.93330E+02  2.92581E+02  2.91764E+02  2.90887E+02  2.89951E+02  2.88957E+02  2.87904E+02  2.86788E+02  2.85597E+02  2.84318E+02  2.82941E+02  2.81452E+02  2.79869E+02  2.78188E+02  2.76404E+02  2.74513E+02  2.72507E+02  2.70372E+02  2.67939E+02
 2.94104E+02  2.93370E+02  2.92622E+02  2.91794E+02  2.90913E+02  2.89975E+02  2.88981E+02  2.87935E+02  2.86832E+02  2.85657E+02  2.84396E+02  2.83041E+02  2.81558E+02  2.79979E+02  2.78301E+02  2.76519E+02  2.74628E+02  2.72621E+02  2.70475E+02  2.68039E+02
 2.94152E+02  2.93421E+02  2.92673E+02  2.91842E+02  2.90957E+02  2.90016E+02  2.89022E+02  2.87982E+02  2.86897E+02  2.85743E+02  2.84504E+02  2.83168E+02  2.81698E+02  2.80126E+02  2.78453E+02  2.76676E+02  2.74789E+02  2.72780E+02  2.70630E+02  2.68185E+02
 2.94216E+02  2.93492E+02  2.92741E+02  2.91908E+02  2.91021E+02  2.90075E+02  2.89078E+02  2.88050E+02  2.86987E+02  2.85860E+02  2.84646E+02  2.83331E+02  2.81875E+02  2.80312E+02  2.78647E+02  2.76878E+02  2.75004E+02  2.72992E+02  2.70839E+02  2.68384E+02
 2.94301E+02  2.93578E+02  2.92832E+02  2.91998E+02  2.91105E+02  2.90155E+02  2.89159E+02  2.88146E+02  2.87108E+02  2.86013E+02  2.84830E+02  2.83540E+02  2.82095E+02  2.80541E+02  2.78885E+02  2.77127E+02  2.75258E+02  2.73261E+02  2.71110E+02  2.68646E+02
 2.94418E+02  2.93704E+02  2.92955E+02  2.92116E+02  2.91216E+02  2.90255E+02  2.89255E+02  2.88262E+02  2.87262E+02  2.86213E+02  2.85069E+02  2.83810E+02  2.82366E+02  2.80812E+02  2.79168E+02  2.77427E+02  2.75579E+02  2.73601E+02  2.71459E+02  2.68986E+02
 2.94578E+02  2.93865E+02  2.93117E+02  2.92273E+02  2.91359E+02  2.90374E+02  2.89339E+02  2.88377E+02  2.87445E+02  2.86471E+02  2.85378E+02  2.84184E+02  2.82690E+02  2.81119E+02  2.79487E+02  2.77775E+02  2.75963E+02  2.74019E+02  2.71899E+02  2.69419E+02
 2.94795E+02  2.94091E+02  2.93336E+02  2.92481E+02  2.91548E+02  2.90520E+02  2.89321E+02  2.88445E+02  2.87660E+02  2.86841E+02  2.85768E+02  2.84821E+02  2.83053E+02  2.81443E+02  2.79833E+02  2.78172E+02  2.76422E+02  2.74537E+02  2.72455E+02  2.69970E+02
 2.95079E+02  2.94378E+02  2.93625E+02  2.92764E+02  2.91822E+02  2.90805E+02  2.89738E+02  2.88740E+02  2.87779E+02  2.86807E+02  2.85804E+02  2.84944E+02  2.83270E+02  2.81732E+02  2.80188E+02  2.78612E+02  2.76965E+02  2.75180E+02  2.73177E+02  2.70673E+02
 2.95453E+02  2.94759E+02  2.93999E+02  2.93134E+02  2.92171E+02  2.91138E+02  2.90061E+02  2.88984E+02  2.87919E+02  2.86855E+02  2.85793E+02  2.84782E+02  2.83382E+02  2.82014E+02  2.80543E+02  2.79092E+02  2.77610E+02  2.75989E+02  2.74186E+02  2.71570E+02
 2.95983E+02  2.95288E+02  2.94527E+02  2.93652E+02  2.92634E+02  2.91548E+02  2.90410E+02  2.89261E+02  2.88112E+02  2.86962E+02  2.85811E+02  2.84679E+02  2.83526E+02  2.82432E+02  2.80876E+02  2.79606E+02  2.78419E+02  2.77016E+02  2.75978E+02  2.72708E+02
 2.95422E+02  2.94726E+02  2.93962E+02  2.93114E+02  2.92169E+02  2.91126E+02  2.90039E+02  2.88943E+02  2.87852E+02  2.86760E+02  2.85655E+02  2.84527E+02  2.83354E+02  2.82145E+02  2.80847E+02  2.79642E+02  2.78617E+02  2.76586E+02  2.74591E+02  2.71890E+02
 2.95018E+02  2.94314E+02  2.93559E+02  2.92724E+02  2.91809E+02  2.90785E+02  2.89701E+02  2.88657E+02  2.87634E+02  2.86608E+02  2.85560E+02  2.84461E+02  2.83259E+02  2.81991E+02  2.80724E+02  2.79555E+02  2.78727E+02  2.76209E+02  2.73890E+02  2.71248E+02
 2.94705E+02  2.93993E+02  2.93243E+02  2.92423E+02  2.91526E+02  2.90500E+02  2.89302E+02  2.88334E+02  2.87408E+02  2.86480E+02  2.85533E+02  2.84526E+02  2.83294E+02  2.81818E+02  2.80476E+02  2.79187E+02  2.78065E+02  2.75656E+02  2.73310E+02  2.70693E+02
 2.94461E+02  2.93744E+02  2.93001E+02  2.92198E+02  2.91328E+02  2.90356E+02  2.89323E+02  2.88321E+02  2.87325E+02  2.86309E+02  2.85257E+02  2.84134E+02  2.82881E+02  2.81535E+02  2.80135E+02  2.78670E+02  2.77075E+02  2.75019E+02  2.72767E+02  2.70197E+02
 2.94273E+02  2.93553E+02  2.92816E+02  2.92025E+02  2.91179E+02  2.90244E+02  2.89263E+02  2.88262E+02  2.87236E+02  2.86175E+02  2.85067E+02  2.83891E+02  2.82622E+02  2.81259E+02  2.79801E+02  2.78230E+02  2.76502E+02  2.74502E+02  2.72299E+02  2.69768E+02
 2.94129E+02  2.93408E+02  2.92672E+02  2.91889E+02  2.91058E+02  2.90147E+02  2.89189E+02  2.88190E+02  2.87150E+02  2.86061E+02  2.84919E+02  2.83708E+02  2.82411E+02  2.81017E+02  2.79513E+02  2.77881E+02  2.76095E+02  2.74098E+02  2.71917E+02  2.69412E+02
 2.94021E+02  2.93297E+02  2.92562E+02  2.91782E+02  2.90958E+02  2.90067E+02  2.89121E+02  2.88123E+02  2.87074E+02  2.85969E+02  2.84803E+02  2.83566E+02  2.82243E+02  2.80820E+02  2.79281E+02  2.77611E+02  2.75788E+02  2.73787E+02  2.71618E+02  2.69134E+02
 2.93943E+02  2.93216E+02  2.92479E+02  2.91699E+02  2.90868E+02  2.89982E+02  2.89039E+02  2.88041E+02  2.86985E+02  2.85869E+02  2.84687E+02  2.83430E+02  2.82085E+02  2.80640E+02  2.79078E+02  2.77385E+02  2.75547E+02  2.73555E+02  2.71397E+02  2.68929E+02
 2.93892E+02  2.93163E+02  2.92425E+02  2.91643E+02  2.90811E+02  2.89924E+02  2.88983E+02  2.87983E+02  2.86923E+02  2.85799E+02  2.84606E+02  2.83336E+02  2.81977E+02  2.80516E+02  2.78939E+02  2.77234E+02  2.75390E+02  2.73401E+02  2.71252E+02  2.68797E+02
 2.93867E+02  2.93137E+02  2.92398E+02  2.91615E+02  2.90782E+02  2.89896E+02  2.88953E+02  2.87953E+02  2.86891E+02  2.85763E+02  2.84565E+02  2.83287E+02  2.81921E+02  2.80452E+02  2.78868E+02  2.77158E+02  2.75312E+02  2.73325E+02  2.71180E+02  2.68733E+02
LAY 3
 2.94016E+02  2.93279E+02  2.92521E+02  2.91706E+02  2.90830E+02  2.89894E+02  2.88896E+02  2.87835E+02  2.86705E+02  2.85498E+02  2.84205E+02  2.82819E+02  2.81336E+02  2.79756E+02  2.78075E+02  2.76291E+02  2.74399E+02  2.72394E+02  2.70264E+02  2.67940E+02
 2.94032E+02  2.93297E+02  2.92541E+02  2.91725E+02  2.90849E+02  2.89913E+02  2.88916E+02  2.87858E+02  2.86733E+02  2.85532E+02  2.84243E+02  2.82859E+02  2.81375E+02  2.79794E+02  2.78112E+02  2.76328E+02  2.74436E+02  2.72431E+02  2.70300E+02  2.67971E+02
 2.94060E+02  2.93328E+02  2.92580E+02  2.91763E+02  2.90886E+02  2.89950E+02  2.88955E+02  2.87902E+02  2.86786E+02  2.85595E+02  2.84316E+02  2.82940E+02  2.81451E+02  2.79868E+02  2.78187E+02  2.76403E+02  2.74512E+02  2.72507E+02  2.70379E+02  2.68037E+02
 2.94098E+02  2.93368E+02  2.92620E+02  2.91794E+02  2.90913E+02  2.89975E+02  2.88981E+02  2.87934E+02  2.86831E+02  2.85657E+02  2.84395E+02  2.83039E+02  2.81557E+02  2.79979E+02  2.78300E+02  2.76518E+02  2.74627E+02  2.72620E+02  2.70482E+02  2.68138E+02
 2.94146E+02  2.93419E+02  2.92671E+02  2.91841E+02  2.90957E+02  2.90016E+02  2.89022E+02  2.87982E+02  2.86897E+02  2.85743E+02  2.84504E+02  2.83166E+02  2.81697E+02  2.80125E+02  2.78452E+02  2.76675E+02  2.74788E+02  2.72780E+02  2.70636E+02  2.68284E+02
 2.94210E+02  2.93489E+02  2.92739E+02  2.91908E+02  2.91021E+02  2.90075E+02  2.89078E+02  2.88049E+02  2.86987E+02  2.85859E+02  2.84645E+02  2.83329E+02  2.81874E+02  2.80312E+02  2.78646E+02  2.76878E+02  2.75004E+02  2.72992E+02  2.70845E+02  2.68484E+02
 2.94294E+02  2.93576E+02  2.92830E+02  2.91997E+02  2.91105E+02  2.90155E+02  2.89159E+02  2.88146E+02  2.87108E+02  2.86013E+02  2.84830E+02  2.83538E+02  2.82094E+02  2.80540E+02  2.78884E+02  2.77126E+02  2.75257E+02  2.73261E+02  2.71117E+02  2.68746E+02
 2.94411E+02  2.93702E+02  2.92953E+02  2.92116E+02  2.91216E+02  2.90255E+02  2.89255E+02  2.88262E+02  2.87262E+02  2.86212E+02  2.85069E+02  2.83808E+02  2.82365E+02  2.80812E+02  2.79167E+02  2.77426E+02  2.75577E+02  2.73600E+02  2.71465E+02  2.69086E+02
 2.94572E+02  2.93863E+02  2.93116E+02  2.92272E+02  2.91359E+02  2.90374E+02  2.89341E+02  2.88378E+02  2.87445E+02  2.86469E+02  2.85377E+02  2.84178E+02  2.82689E+02  2.81119E+02  2.79486E+02  2.77774E+02  2.75962E+02  2.74019E+02  2.71905E+02  2.69519E+02
 2.94789E+02  2.94088E+02  2.93334E+02  2.92480E+02  2.91548E+02  2.90522E+02  2.89350E+02  2.88458E+02  2.87655E+02  2.86816E+02  2.85753E+02  2.84767E+02  2.83049E+02  2.81442E+02  2.79833E+02  2.78171E+02  2.76421E+02  2.74536E+02  2.72461E+02  2.70070E+02
 2.95072E+02  2.94376E+02  2.93623E+02  2.92763E+02  2.91821E+02  2.90805E+02  2.89739E+02  2.88740E+02  2.87779E+02  2.86806E+02  2.85801E+02  2.84898E+02  2.83266E+02  2.81731E+02  2.80187E+02  2.78612E+02  2.76964E+02  2.75179E+02  2.73182E+02  2.70773E+02
 2.95443E+02  2.94753E+02  2.93994E+02  2.93130E+02  2.92168E+02  2.91135E+02  2.90059E+02  2.88983E+02  2.87919E+02  2.86856E+02  2.85793E+02  2.84765E+02  2.83380E+02  2.82011E+02  2.80542E+02  2.79090E+02  2.77606E+02  2.75984E+02  2.74180E+02  2.71664E+02
 2.95923E+02  2.95234E+02  2.94473E+02  2.93599E+02  2.92590E+02  2.91509E+02  2.90378E+02  2.89235E+02  2.88092E+02  2.86948E+02  2.85804E+02  2.84673E+02  2.83512E+02  2.82388E+02  2.80867E+02  2.79586E+02  2.78376E+02  2.76955E+02  2.75784E+02  2.72729E+02
 2.95412E+02  2.94721E+02  2.93959E+02  2.93110E+02  2.92164E+02  2.91123E+02  2.90036E+02  2.88941E+02  2.87852E+02  2.86760E+02  2.85655E+02  2.84528E+02  2.83353E+02  2.82142E+02  2.80846E+02  2.79637E+02  2.78565E+02  2.76578E+02  2.74585E+02  2.71984E+02
 2.95012E+02  2.94312E+02  2.93558E+02  2.92724E+02  2.91807E+02  2.90784E+02  2.89702E+02  2.88658E+02  2.87634E+02  2.86608E+02  2.85559E+02  2.84459E+02  2.83256E+02  2.81990E+02  2.80723E+02  2.79548E+02  2.78629E+02  2.76201E+02  2.73895E+02  2.71348E+02
 2.94699E+02  2.93992E+02  2.93243E+02  2.92423E+02  2.91524E+02  2.90501E+02  2.89327E+02  2.88350E+02  2.87414E+02  2.86477E+02  2.85518E+02  2.84497E+02  2.83266E+02  2.81816E+02  2.80475E+02  2.79182E+02  2.77998E+02  2.75651E+02  2.73315E+02  2.70793E+02
 2.94455E+02  2.93743E+02  2.93001E+02  2.92197E+02  2.91327E+02  2.90356E+02  2.89324E+02  2.88322E+02  2.87325E+02  2.86309E+02  2.85256E+02  2.84132E+02  2.82879E+02  2.81534E+02  2.80134E+02  2.78668E+02  2.77069E+02  2.75018E+02  2.72773E+02  2.70297E+02
 2.94266E+02  2.93551E+02  2.92815E+02  2.92025E+02  2.91177E+02  2.90244E+02  2.89263E+02  2.88262E+02  2.87235E+02  2.86174E+02  2.85066E+02  2.83890E+02  2.82622E+02  2.81258E+02  2.79800E+02  2.78230E+02  2.76499E+02  2.74501E+02  2.72305E+02  2.69867E+02
 2.94122E+02  2.93406E+02  2.92672E+02  2.91889E+02  2.91057E+02  2.90147E+02  2.89189E+02  2.88190E+02  2.87149E+02  2.86061E+02  2.84918E+02  2.83707E+02  2.82411E+02  2.81016E+02  2.79512E+02  2.77880E+02  2.76093E+02  2.74098E+02  2.71923E+02  2.69512E+02
 2.94014E+02  2.93295E+02  2.92561E+02  2.91782E+02  2.90956E+02  2.90065E+02  2.89119E+02  2.88122E+02  2.87072E+02  2.85967E+02  2.84801E+02  2.83564E+02  2.82241E+02  2.80818E+02  2.79279E+02  2.77608E+02  2.75785E+02  2.73787E+02  2.71624E+02  2.69233E+02
 2.93936E+02  2.93215E+02  2.92479E+02  2.91699E+02  2.90868E+02  2.89981E+02  2.89039E+02  2.88041E+02  2.86985E+02  2.85869E+02  2.84686E+02  2.83429E+02  2.82085E+02  2.80639E+02  2.79077E+02  2.77384E+02  2.75546E+02  2.73554E+02  2.71403E+02  2.69028E+02
 2.93885E+02  2.93162E+02  2.92425E+02  2.91643E+02  2.90810E+02  2.89924E+02  2.88982E+02  2.87983E+02  2.86923E+02  2.85799E+02  2.84606E+02  2.83335E+02  2.81976E+02  2.80515E+02  2.78938E+02  2.77233E+02  2.75389E+02  2.73401E+02  2.71258E+02  2.68895E+02
 2.93860E+02  2.93136E+02  2.92398E+02  2.91615E+02  2.90782E+02  2.89895E+02  2.88953E+02  2.87952E+02  2.86890E+02  2.85763E+02  2.84564E+02  2.83287E+02  2.81920E+02  2.80451E+02  2.78867E+02  2.77157E+02  2.75311E+02  2.73324E+02  2.71186E+02  2.68831E+02
LAY 4
 2.93965E+02  2.93274E+02  2.92521E+02  2.91706E+02  2.90830E+02  2.89894E+02  2.88896E+02  2.87834E+02  2.86705E+02  2.85498E+02  2.84205E+02  2.82819E+02  2.81336E+02  2.79755E+02  2.78074E+02  2.76290E+02  2.74398E+02  2.72395E+02  2.70282E+02  2.68119E+02
 2.93981E+02  2.93292E+02  2.92540E+02  2.91725E+02  2.90849E+02  2.89913E+02  2.88916E+02  2.87858E+02  2.86733E+02  2.85531E+02  2.84242E+02  2.82858E+02  2.81374E+02  2.79793E+02  2.78111E+02  2.76327E+02  2.74435E+02  2.72432E+02  2.70318E+02  2.68150E+02
 2.94009E+02  2.93323E+02  2.92577E+02  2.91761E+02  2.90884E+02  2.89948E+02  2.88953E+02  2.87900E+02  2.86784E+02  2.85593E+02  2.84314E+02  2.82937E+02  2.81450E+02  2.79867E+02  2.78186E+02  2.76402E+02  2.74510E+02  2.72507E+02  2.70395E+02  2.68217E+02
 2.94047E+02  2.93363E+02  2.92617E+02  2.91793E+02  2.90912E+02  2.89975E+02  2.88981E+02  2.87934E+02  2.86831E+02  2.85656E+02  2.84394E+02  2.83036E+02  2.81556E+02  2.79978E+02  2.78299E+02  2.76517E+02  2.74626E+02  2.72620E+02  2.70500E+02  2.68319E+02
 2.94095E+02  2.93414E+02  2.92669E+02  2.91841E+02  2.90957E+02  2.90016E+02  2.89021E+02  2.87982E+02  2.86896E+02  2.85743E+02  2.84503E+02  2.83164E+02  2.81696E+02  2.80125E+02  2.78451E+02  2.76674E+02  2.74787E+02  2.72780E+02  2.70655E+02  2.68466E+02
 2.94159E+02  2.93484E+02  2.92737E+02  2.91908E+02  2.91021E+02  2.90075E+02  2.89077E+02  2.88049E+02  2.86986E+02  2.85859E+02  2.84645E+02  2.83327E+02  2.81873E+02  2.80311E+02  2.78645E+02  2.76876E+02  2.75001E+02  2.72992E+02  2.70864E+02  2.68667E+02
 2.94244E+02  2.93571E+02  2.92827E+02  2.91997E+02  2.91105E+02  2.90155E+02  2.89159E+02  2.88145E+02  2.87108E+02  2.86012E+02  2.84829E+02  2.83535E+02  2.82093E+02  2.80539E+02  2.78883E+02  2.77124E+02  2.75256E+02  2.73261E+02  2.71135E+02  2.68931E+02
 2.94361E+02  2.93696E+02  2.92950E+02  2.92116E+02  2.91216E+02  2.90255E+02  2.89255E+02  2.88262E+02  2.87262E+02  2.86212E+02  2.85068E+02  2.83805E+02  2.82364E+02  2.80811E+02  2.79166E+02  2.77424E+02  2.75576E+02  2.73600E+02  2.71484E+02  2.69273E+02
 2.94523E+02  2.93858E+02  2.93113E+02  2.92272E+02  2.91358E+02  2.90375E+02  2.89345E+02  2.88379E+02  2.87443E+02  2.86465E+02  2.85373E+02  2.84168E+02  2.82686E+02  2.81118E+02  2.79485E+02  2.77773E+02  2.75960E+02  2.74019E+02  2.71924E+02  2.69708E+02
 2.94741E+02  2.94082E+02  2.93331E+02  2.92480E+02  2.91548E+02  2.90525E+02  2.89385E+02  2.88476E+02  2.87647E+02  2.86783E+02  2.85730E+02  2.84698E+02  2.83040E+02  2.81440E+02  2.79831E+02  2.78170E+02  2.76420E+02  2.74537E+02  2.72480E+02  2.70261E+02
 2.95025E+02  2.94370E+02  2.93619E+02  2.92761E+02  2.91820E+02  2.90805E+02  2.89742E+02  2.88742E+02  2.87778E+02  2.86803E+02  2.85794E+02  2.84837E+02  2.83257E+02  2.81729E+02  2.80186E+02  2.78610E+02  2.76962E+02  2.75178E+02  2.73199E+02  2.70965E+02
 2.95389E+02  2.94739E+02  2.93983E+02  2.93120E+02  2.92159E+02  2.91127E+02  2.90053E+02  2.88979E+02  2.87917E+02  2.86855E+02  2.85791E+02  2.84741E+02  2.83375E+02  2.82004E+02  2.80538E+02  2.79085E+02  2.77597E+02  2.75972E+02  2.74171E+02  2.71847E+02
 2.95808E+02  2.95158E+02  2.94401E+02  2.93529E+02  2.92529E+02  2.91456E+02  2.90334E+02  2.89199E+02  2.88065E+02  2.86930E+02  2.85793E+02  2.84663E+02  2.83492E+02  2.82332E+02  2.80852E+02  2.79558E+02  2.78315E+02  2.76866E+02  2.75551E+02  2.72815E+02
 2.95359E+02  2.94707E+02  2.93949E+02  2.93100E+02  2.92154E+02  2.91115E+02  2.90031E+02  2.88938E+02  2.87849E+02  2.86758E+02  2.85655E+02  2.84527E+02  2.83351E+02  2.82136E+02  2.80842E+02  2.79624E+02  2.78490E+02  2.76558E+02  2.74575E+02  2.72168E+02
 2.94965E+02  2.94307E+02  2.93556E+02  2.92722E+02  2.91804E+02  2.90784E+02  2.89705E+02  2.88660E+02  2.87634E+02  2.86607E+02  2.85557E+02  2.84454E+02  2.83252E+02  2.81988E+02  2.80721E+02  2.79532E+02  2.78500E+02  2.76185E+02  2.73910E+02  2.71542E+02
 2.94651E+02  2.93987E+02  2.93242E+02  2.92422E+02  2.91522E+02  2.90504E+02  2.89359E+02  2.88371E+02  2.87422E+02  2.86473E+02  2.85499E+02  2.84457E+02  2.83229E+02  2.81810E+02  2.80473E+02  2.79171E+02  2.77911E+02  2.75640E+02  2.73333E+02  2.70987E+02
 2.94406E+02  2.93737E+02  2.93000E+02  2.92197E+02  2.91325E+02  2.90356E+02  2.89328E+02  2.88324E+02  2.87326E+02  2.86308E+02  2.85253E+02  2.84127E+02  2.82874E+02  2.81532E+02  2.80133E+02  2.78665E+02  2.77057E+02  2.75016E+02  2.72792E+02  2.70488E+02
 2.94216E+02  2.93546E+02  2.92814E+02  2.92024E+02  2.91175E+02  2.90243E+02  2.89264E+02  2.88262E+02  2.87235E+02  2.86174E+02  2.85066E+02  2.83889E+02  2.82621E+02  2.81257E+02  2.79799E+02  2.78228E+02  2.76495E+02  2.74501E+02  2.72324E+02  2.70057E+02
 2.94072E+02  2.93401E+02  2.92671E+02  2.91889E+02  2.91055E+02  2.90146E+02  2.89189E+02  2.88190E+02  2.87149E+02  2.86061E+02  2.84918E+02  2.83706E+02  2.82410E+02  2.81015E+02  2.79511E+02  2.77878E+02  2.76090E+02  2.74098E+02  2.71942E+02  2.69699E+02
 2.93963E+02  2.93290E+02  2.92561E+02  2.91782E+02  2.90955E+02  2.90063E+02  2.89117E+02  2.88120E+02  2.87070E+02  2.85965E+02  2.84799E+02  2.83561E+02  2.82238E+02  2.80815E+02  2.79276E+02  2.77605E+02  2.75782E+02  2.73787E+02  2.71643E+02  2.69419E+02
 2.93884E+02  2.93209E+02  2.92479E+02  2.91698E+02  2.90868E+02  2.89981E+02  2.89039E+02  2.88040E+02  2.86985E+02  2.85868E+02  2.84686E+02  2.83428E+02  2.82084E+02  2.80638E+02  2.79076E+02  2.77382E+02  2.75545E+02  2.73555E+02  2.71422E+02  2.69212E+02
 2.93833E+02  2.93156E+02  2.92424E+02  2.91643E+02  2.90810E+02  2.89924E+02  2.88982E+02  2.87982E+02  2.86922E+02  2.85799E+02  2.84605E+02  2.83335E+02  2.81975E+02  2.80514E+02  2.78937E+02  2.77232E+02  2.75388E+02  2.73401E+02  2.71277E+02  2.69078E+02
 2.93808E+02  2.93130E+02  2.92397E+02  2.91615E+02  2.90782E+02  2.89895E+02  2.88953E+02  2.87952E+02  2.86890E+02  2.85762E+02  2.84564E+02  2.83286E+02  2.81919E+02  2.80450E+02  2.78866E+02  2.77156E+02  2.75310E+02  2.73325E+02  2.71205E+02  2.69013E+02
LAY 5
 2.93914E+02  2.93269E+02  2.92520E+02  2.91706E+02  2.90830E+02  2.89893E+02  2.88895E+02  2.87834E+02  2.86704E+02  2.85497E+02  2.84204E+02  2.82818E+02  2.81335E+02  2.79754E+02  2.78073E+02  2.76288E+02  2.74396E+02  2.72395E+02  2.70300E+02  2.68296E+02
 2.93930E+02  2.93287E+02  2.92539E+02  2.91724E+02  2.90848E+02  2.89912E+02  2.88916E+02  2.87857E+02  2.86732E+02  2.85530E+02  2.84241E+02  2.82857E+02  2.81373E+02  2.79791E+02  2.78110E+02  2.76325E+02  2.74433E+02  2.72432E+02  2.70336E+02  2.68328E+02
 2.93958E+02  2.93318E+02  2.92575E+02  2.91759E+02  2.90882E+02  2.89946E+02  2.88951E+02  2.87898E+02  2.86782E+02  2.85590E+02  2.84311E+02  2.82934E+02  2.81449E+02  2.79866E+02  2.78185E+02  2.76400E+02  2.74509E+02  2.72507E+02  2.70411E+02  2.68395E+02
 2.93996E+02  2.93357E+02  2.92615E+02  2.91793E+02  2.90912E+02  2.89974E+02  2.88980E+02  2.87933E+02  2.86830E+02  2.85655E+02  2.84393E+02  2.83034E+02  2.81555E+02  2.79976E+02  2.78297E+02  2.76515E+02  2.74624E+02  2.72620E+02  2.70518E+02  2.68498E+02
 2.94045E+02  2.93408E+02  2.92666E+02  2.91841E+02  2.90957E+02  2.90016E+02  2.89021E+02  2.87982E+02  2.86896E+02  2.85742E+02  2.84502E+02  2.83161E+02  2.81695E+02  2.80123E+02  2.78450E+02  2.76672E+02  2.74785E+02  2.72780E+02  2.70673E+02  2.68647E+02
 2.94109E+02  2.93478E+02  2.92734E+02  2.91907E+02  2.91020E+02  2.90075E+02  2.89077E+02  2.88049E+02  2.86986E+02  2.85858E+02  2.84644E+02  2.83324E+02  2.81872E+02  2.80310E+02  2.78644E+02  2.76875E+02  2.74997E+02  2.72992E+02  2.70882E+02  2.68849E+02
 2.94195E+02  2.93565E+02  2.92825E+02  2.91997E+02  2.91105E+02  2.90154E+02  2.89159E+02  2.88145E+02  2.87107E+02  2.86012E+02  2.84828E+02  2.83532E+02  2.82092E+02  2.80538E+02  2.78882E+02  2.77123E+02  2.75254E+02  2.73261E+02  2.71154E+02  2.69114E+02
 2.94312E+02  2.93690E+02  2.92947E+02  2.92115E+02  2.91215E+02  2.90255E+02  2.89256E+02  2.88262E+02  2.87261E+02  2.86211E+02  2.85066E+02  2.83801E+02  2.82362E+02  2.80809E+02  2.79164E+02  2.77423E+02  2.75574E+02  2.73600E+02  2.71502E+02  2.69458E+02
 2.94475E+02  2.93852E+02  2.93110E+02  2.92271E+02  2.91358E+02  2.90375E+02  2.89348E+02  2.88381E+02  2.87442E+02  2.86461E+02  2.85368E+02  2.84158E+02  2.82684E+02  2.81117E+02  2.79483E+02  2.77772E+02  2.75959E+02  2.74019E+02  2.71942E+02  2.69895E+02
 2.94694E+02  2.94077E+02  2.93328E+02  2.92479E+02  2.91548E+02  2.90529E+02  2.89421E+02  2.88493E+02  2.87639E+02  2.86751E+02  2.85706E+02  2.84629E+02  2.83031E+02  2.81438E+02  2.79830E+02  2.78169E+02  2.76418E+02  2.74537E+02  2.72499E+02  2.70451E+02
 2.94979E+02  2.94364E+02  2.93616E+02  2.92760E+02  2.91819E+02  2.90804E+02  2.89746E+02  2.88744E+02  2.87777E+02  2.86800E+02  2.85786E+02  2.84777E+02  2.83249E+02  2.81727E+02  2.80184E+02  2.78608E+02  2.76960E+02  2.75178E+02  2.73215E+02  2.71157E+02
 2.95336E+02  2.94725E+02  2.93973E+02  2.93110E+02  2.92151E+02  2.91120E+02  2.90048E+02  2.88976E+02  2.87915E+02  2.86855E+02  2.85789E+02  2.84717E+02  2.83370E+02  2.81996E+02  2.80535E+02  2.79080E+02  2.77589E+02  2.75960E+02  2.74162E+02  2.72028E+02
 2.95693E+02  2.95082E+02  2.94328E+02  2.93459E+02  2.92469E+02  2.91403E+02  2.90290E+02  2.89164E+02  2.88039E+02  2.86912E+02  2.85783E+02  2.84653E+02  2.83471E+02  2.82277E+02  2.80837E+02  2.79529E+02  2.78255E+02  2.76777E+02  2.75319E+02  2.72900E+02
 2.95305E+02  2.94693E+02  2.93940E+02  2.93091E+02  2.92144E+02  2.91108E+02  2.90025E+02  2.88934E+02  2.87847E+02  2.86757E+02  2.85655E+02  2.84527E+02  2.83349E+02  2.82130E+02  2.80838E+02  2.79612E+02  2.78416E+02  2.76538E+02  2.74566E+02  2.72350E+02
 2.94918E+02  2.94301E+02  2.93555E+02  2.92721E+02  2.91801E+02  2.90783E+02  2.89708E+02  2.88662E+02  2.87635E+02  2.86606E+02  2.85554E+02  2.84449E+02  2.83247E+02  2.81986E+02  2.80718E+02  2.79516E+02  2.78373E+02  2.76168E+02  2.73925E+02  2.71735E+02
 2.94604E+02  2.93982E+02  2.93241E+02  2.92421E+02  2.91520E+02  2.90507E+02  2.89390E+02  2.88391E+02  2.87430E+02  2.86468E+02  2.85480E+02  2.84418E+02  2.83193E+02  2.81804E+02  2.80470E+02  2.79160E+02  2.77824E+02  2.75629E+02  2.73351E+02  2.71179E+02
 2.94357E+02  2.93732E+02  2.92999E+02  2.92196E+02  2.91323E+02  2.90356E+02  2.89331E+02  2.88327E+02  2.87327E+02  2.86307E+02  2.85251E+02  2.84123E+02  2.82870E+02  2.81531E+02  2.80132E+02  2.78662E+02  2.77044E+02  2.75014E+02  2.72810E+02  2.70678E+02
 2.94167E+02  2.93541E+02  2.92814E+02  2.92024E+02  2.91173E+02  2.90243E+02  2.89264E+02  2.88262E+02  2.87235E+02  2.86173E+02  2.85065E+02  2.83888E+02  2.82620E+02  2.81256E+02  2.79798E+02  2.78226E+02  2.76491E+02  2.74501E+02  2.72343E+02  2.70244E+02
 2.94021E+02  2.93395E+02  2.92670E+02  2.91888E+02  2.91052E+02  2.90145E+02  2.89188E+02  2.88189E+02  2.87148E+02  2.86060E+02  2.84917E+02  2.83705E+02  2.82409E+02  2.81014E+02  2.79509E+02  2.77876E+02  2.76086E+02  2.74098E+02  2.71961E+02  2.69885E+02
 2.93912E+02  2.93285E+02  2.92560E+02  2.91781E+02  2.90952E+02  2.90061E+02  2.89115E+02  2.88118E+02  2.87068E+02  2.85963E+02  2.84797E+02  2.83559E+02  2.82236E+02  2.80812E+02  2.79273E+02  2.77602E+02  2.75779E+02  2.73787E+02  2.71662E+02  2.69603E+02
 2.93833E+02  2.93204E+02  2.92478E+02  2.91698E+02  2.90867E+02  2.89981E+02  2.89038E+02  2.88040E+02  2.86984E+02  2.85867E+02  2.84685E+02  2.83427E+02  2.82083E+02  2.80637E+02  2.79074E+02  2.77381E+02  2.75543E+02  2.73555E+02  2.71441E+02  2.69396E+02
 2.93782E+02  2.93151E+02  2.92423E+02  2.91642E+02  2.90810E+02  2.89924E+02  2.88982E+02  2.87982E+02  2.86922E+02  2.85798E+02  2.84605E+02  2.83334E+02  2.81975E+02  2.80513E+02  2.78936E+02  2.77230E+02  2.75386E+02  2.73401E+02  2.71295E+02  2.69260E+02
 2.93756E+02  2.93125E+02  2.92396E+02  2.91615E+02  2.90781E+02  2.89895E+02  2.88953E+02  2.87952E+02  2.86890E+02  2.85762E+02  2.84563E+02  2.83286E+02  2.81919E+02  2.80449E+02  2.78865E+02  2.77154E+02  2.75308E+02  2.73325E+02  2.71223E+02  2.69195E+02
LAY 6
 2.93903E+02  2.93268E+02  2.92520E+02  2.91706E+02  2.90830E+02  2.89893E+02  2.88895E+02  2.87834E+02  2.86704E+02  2.85497E+02  2.84204E+02  2.82818E+02  2.81334E+02  2.79753E+02  2.78072E+02  2.76288E+02  2.74396E+02  2.72395E+02  2.70305E+02  2.68335E+02
 2.93919E+02  2.93285E+02  2.92539E+02  2.91724E+02  2.90848E+02  2.89912E+02  2.88915E+02  2.87857E+02  2.86732E+02  2.85530E+02  2.84241E+02  2.82857E+02  2.81373E+02  2.79791E+02  2.78110E+02  2.76325E+02  2.74433E+02  2.72432E+02  2.70341E+02  2.68367E+02
 2.93947E+02  2.93316E+02  2.92574E+02  2.91759E+02  2.90882E+02  2.89945E+02  2.88951E+02  2.87898E+02  2.86781E+02  2.85590E+02  2.84311E+02  2.82934E+02  2.81448E+02  2.79866E+02  2.78184E+02  2.76400E+02  2.74508E+02  2.72507E+02  2.70415E+02  2.68434E+02
 2.93985E+02  2.93356E+02  2.92614E+02  2.91792E+02  2.90912E+02  2.89974E+02  2.88980E+02  2.87933E+02  2.86830E+02  2.85655E+02  2.84393E+02  2.83033E+02  2.81555E+02  2.79976E+02  2.78297E+02  2.76515E+02  2.74624E+02  2.72620E+02  2.70523E+02  2.68538E+02
 2.94034E+02  2.93407E+02  2.92665E+02  2.91840E+02  2.90957E+02  2.90016E+02  2.89021E+02  2.87982E+02  2.86896E+02  2.85742E+02  2.84502E+02  2.83161E+02  2.81694E+02  2.80123E+02  2.78449E+02  2.76672E+02  2.74785E+02  2.72780E+02  2.70677E+02  2.68686E+02
 2.94098E+02  2.93476E+02  2.92733E+02  2.91907E+02  2.91020E+02  2.90075E+02  2.89077E+02  2.88049E+02  2.86986E+02  2.85858E+02  2.84644E+02  2.83323E+02  2.81871E+02  2.80309E+02  2.78644E+02  2.76874E+02  2.74997E+02  2.72992E+02  2.70887E+02  2.68889E+02
 2.94184E+02  2.93564E+02  2.92824E+02  2.91996E+02  2.91105E+02  2.90154E+02  2.89159E+02  2.88145E+02  2.87107E+02  2.86012E+02  2.84828E+02  2.83532E+02  2.82092E+02  2.80538E+02  2.78881E+02  2.77123E+02  2.75254E+02  2.73261E+02  2.71159E+02  2.69154E+02
 2.94302E+02  2.93688E+02  2.92947E+02  2.92115E+02  2.91215E+02  2.90255E+02  2.89256E+02  2.88261E+02  2.87261E+02  2.86210E+02  2.85066E+02  2.83801E+02  2.82362E+02  2.80809E+02  2.79164E+02  2.77422E+02  2.75574E+02  2.73600E+02  2.71507E+02  2.69498E+02
 2.94464E+02  2.93851E+02  2.93109E+02  2.92271E+02  2.91358E+02  2.90376E+02  2.89349E+02  2.88382E+02  2.87442E+02  2.86460E+02  2.85367E+02  2.84156E+02  2.82683E+02  2.81116E+02  2.79483E+02  2.77771E+02  2.75959E+02  2.74019E+02  2.71947E+02  2.69936E+02
 2.94684E+02  2.94075E+02  2.93328E+02  2.92479E+02  2.91548E+02  2.90530E+02  2.89428E+02  2.88497E+02  2.87637E+02  2.86744E+02  2.85701E+02  2.84615E+02  2.83028E+02  2.81438E+02  2.79830E+02  2.78168E+02  2.76418E+02  2.74537E+02  2.72503E+02  2.70492E+02
 2.94969E+02  2.94362E+02  2.93615E+02  2.92760E+02  2.91819E+02  2.90804E+02  2.89746E+02  2.88744E+02  2.87777E+02  2.86799E+02  2.85784E+02  2.84764E+02  2.83247E+02  2.81726E+02  2.80184E+02  2.78608E+02  2.76959E+02  2.75177E+02  2.73219E+02  2.71198E+02
 2.95324E+02  2.94721E+02  2.93970E+02  2.93108E+02  2.92149E+02  2.91119E+02  2.90046E+02  2.88975E+02  2.87915E+02  2.86854E+02  2.85788E+02  2.84712E+02  2.83369E+02  2.81995E+02  2.80534E+02  2.79079E+02  2.77587E+02  2.75958E+02  2.74160E+02  2.72067E+02
 2.95668E+02  2.95066E+02  2.94313E+02  2.93443E+02  2.92456E+02  2.91392E+02  2.90281E+02  2.89157E+02  2.88033E+02  2.86908E+02  2.85781E+02  2.84651E+02  2.83467E+02  2.82265E+02  2.80834E+02  2.79523E+02  2.78242E+02  2.76758E+02  2.75271E+02  2.72919E+02
 2.95293E+02  2.94689E+02  2.93938E+02  2.93088E+02  2.92141E+02  2.91106E+02  2.90023E+02  2.88933E+02  2.87846E+02  2.86757E+02  2.85655E+02  2.84527E+02  2.83348E+02  2.82128E+02  2.80837E+02  2.79609E+02  2.78400E+02  2.76533E+02  2.74563E+02  2.72390E+02
 2.94908E+02  2.94299E+02  2.93554E+02  2.92720E+02  2.91800E+02  2.90783E+02  2.89709E+02  2.88663E+02  2.87635E+02  2.86606E+02  2.85553E+02  2.84448E+02  2.83246E+02  2.81985E+02  2.80717E+02  2.79512E+02  2.78346E+02  2.76164E+02  2.73929E+02  2.71778E+02
 2.94594E+02  2.93981E+02  2.93241E+02  2.92421E+02  2.91520E+02  2.90508E+02  2.89397E+02  2.88396E+02  2.87432E+02  2.86467E+02  2.85476E+02  2.84410E+02  2.83185E+02  2.81802E+02  2.80470E+02  2.79157E+02  2.77805E+02  2.75627E+02  2.73356E+02  2.71221E+02
 2.94347E+02  2.93731E+02  2.92999E+02  2.92196E+02  2.91322E+02  2.90356E+02  2.89332E+02  2.88327E+02  2.87327E+02  2.86307E+02  2.85250E+02  2.84122E+02  2.82869E+02  2.81530E+02  2.80131E+02  2.78661E+02  2.77041E+02  2.75014E+02  2.72815E+02  2.70719E+02
 2.94156E+02  2.93539E+02  2.92813E+02  2.92024E+02  2.91172E+02  2.90243E+02  2.89264E+02  2.88262E+02  2.87235E+02  2.86173E+02  2.85065E+02  2.83888E+02  2.82619E+02  2.81256E+02  2.79798E+02  2.78226E+02  2.76490E+02  2.74501E+02  2.72348E+02  2.70286E+02
 2.94010E+02  2.93394E+02  2.92670E+02  2.91888E+02  2.91052E+02  2.90145E+02  2.89188E+02  2.88189E+02  2.87148E+02  2.86060E+02  2.84917E+02  2.83705E+02  2.82408E+02  2.81014E+02  2.79509E+02  2.77876E+02  2.76085E+02  2.74098E+02  2.71966E+02  2.69926E+02
 2.93901E+02  2.93283E+02  2.92560E+02  2.91781E+02  2.90952E+02  2.90061E+02  2.89115E+02  2.88117E+02  2.87068E+02  2.85962E+02  2.84796E+02  2.83558E+02  2.82235E+02  2.80812E+02  2.79273E+02  2.77601E+02  2.75778E+02  2.73787E+02  2.71667E+02  2.69643E+02
 2.93822E+02  2.93203E+02  2.92478E+02  2.91698E+02  2.90867E+02  2.89980E+02  2.89038E+02  2.88040E+02  2.86984E+02  2.85867E+02  2.84685E+02  2.83427E+02  2.82083E+02  2.80637E+02  2.79074E+02  2.77380E+02  2.75543E+02  2.73555E+02  2.71445E+02  2.69436E+02
 2.93770E+02  2.93150E+02  2.92423E+02  2.91642E+02  2.90810E+02  2.89924E+02  2.88982E+02  2.87982E+02  2.86922E+02  2.85798E+02  2.84605E+02  2.83334E+02  2.81974E+02  2.80513E+02  2.78936E+02  2.77230E+02  2.75386E+02  2.73401E+02  2.71300E+02  2.69300E+02
 2.93745E+02  2.93124E+02  2.92396E+02  2.91614E+02  2.90781E+02  2.89895E+02  2.88953E+02  2.87952E+02  2.86890E+02  2.85762E+02  2.84563E+02  2.83286E+02  2.81918E+02  2.80449E+02  2.78865E+02  2.77154E+02  2.75308E+02  2.73325E+02  2.71228E+02  2.69234E+02
LAY 7
 2.93891E+02  2.93266E+02  2.92519E+02  2.91705E+02  2.90830E+02  2.89893E+02  2.88895E+02  2.87834E+02  2.86704E+02  2.85497E+02  2.84204E+02  2.82817E+02  2.81334E+02  2.79753E+02  2.78072E+02  2.76287E+02  2.74395E+02  2.72395E+02  2.70309E+02  2.68374E+02
 2.93908E+02  2.93284E+02  2.92539E+02  2.91724E+02  2.90848E+02  2.89912E+02  2.88915E+02  2.87857E+02  2.86732E+02  2.85530E+02  2.84241E+02  2.82857E+02  2.81373E+02  2.79791E+02  2.78109E+02  2.76325E+02  2.74432E+02  2.72432E+02  2.70345E+02  2.68406E+02
 2.93936E+02  2.93315E+02  2.92574E+02  2.91758E+02  2.90881E+02  2.89945E+02  2.88950E+02  2.87897E+02  2.86781E+02  2.85589E+02  2.84310E+02  2.82933E+02  2.81448E+02  2.79866E+02  2.78184E+02  2.76400E+02  2.74508E+02  2.72507E+02  2.70419E+02  2.68473E+02
 2.93974E+02  2.93355E+02  2.92613E+02  2.91792E+02  2.90912E+02  2.89974E+02  2.88980E+02  2.87933E+02  2.86830E+02  2.85655E+02  2.84393E+02  2.83032E+02  2.81555E+02  2.79976E+02  2.78297E+02  2.76514E+02  2.74623E+02  2.72620E+02  2.70527E+02  2.68577E+02
 2.94023E+02  2.93406E+02  2.92664E+02  2.91840E+02  2.90957E+02  2.90015E+02  2.89021E+02  2.87982E+02  2.86896E+02  2.85742E+02  2.84502E+02  2.83160E+02  2.81694E+02  2.80123E+02  2.78449E+02  2.76671E+02  2.74784E+02  2.72780E+02  2.70682E+02  2.68726E+02
 2.94087E+02  2.93475E+02  2.92733E+02  2.91907E+02  2.91020E+02  2.90075E+02  2.89077E+02  2.88048E+02  2.86986E+02  2.85858E+02  2.84643E+02  2.83323E+02  2.81871E+02  2.80309E+02  2.78643E+02  2.76874E+02  2.74996E+02  2.72992E+02  2.70891E+02  2.68928E+02
 2.94173E+02  2.93563E+02  2.92823E+02  2.91996E+02  2.91105E+02  2.90154E+02  2.89159E+02  2.88145E+02  2.87107E+02  2.86012E+02  2.84828E+02  2.83531E+02  2.82091E+02  2.80538E+02  2.78881E+02  2.77122E+02  2.75253E+02  2.73261E+02  2.71164E+02  2.69194E+02
 2.94291E+02  2.93687E+02  2.92946E+02  2.92115E+02  2.91215E+02  2.90255E+02  2.89256E+02  2.88261E+02  2.87261E+02  2.86210E+02  2.85066E+02  2.83800E+02  2.82361E+02  2.80809E+02  2.79163E+02  2.77422E+02  2.75573E+02  2.73600E+02  2.71512E+02  2.69538E+02
 2.94454E+02  2.93850E+02  2.93109E+02  2.92271E+02  2.91358E+02  2.90376E+02  2.89350E+02  2.88382E+02  2.87442E+02  2.86459E+02  2.85366E+02  2.84153E+02  2.82682E+02  2.81116E+02  2.79483E+02  2.77771E+02  2.75958E+02  2.74019E+02  2.71952E+02  2.69977E+02
 2.94674E+02  2.94074E+02  2.93327E+02  2.92479E+02  2.91548E+02  2.90531E+02  2.89436E+02  2.88501E+02  2.87636E+02  2.86737E+02  2.85696E+02  2.84600E+02  2.83026E+02  2.81437E+02  2.79830E+02  2.78168E+02  2.76418E+02  2.74537E+02  2.72508E+02  2.70534E+02
 2.94959E+02  2.94361E+02  2.93614E+02  2.92759E+02  2.91818E+02  2.90804E+02  2.89747E+02  2.88744E+02  2.87776E+02  2.86798E+02  2.85783E+02  2.84751E+02  2.83245E+02  2.81725E+02  2.80184E+02  2.78608E+02  2.76959E+02  2.75177E+02  2.73223E+02  2.71240E+02
 2.95312E+02  2.94718E+02  2.93967E+02  2.93106E+02  2.92147E+02  2.91117E+02  2.90045E+02  2.88974E+02  2.87914E+02  2.86854E+02  2.85788E+02  2.84707E+02  2.83368E+02  2.81993E+02  2.80534E+02  2.79078E+02  2.77585E+02  2.75955E+02  2.74158E+02  2.72106E+02
 2.95644E+02  2.95049E+02  2.94297E+02  2.93428E+02  2.92443E+02  2.91381E+02  2.90271E+02  2.89149E+02  2.88027E+02  2.86904E+02  2.85778E+02  2.84648E+02  2.83462E+02  2.82254E+02  2.80830E+02  2.79517E+02  2.78228E+02  2.76738E+02  2.75223E+02  2.72937E+02
 2.95282E+02  2.94686E+02  2.93935E+02  2.93086E+02  2.92139E+02  2.91104E+02  2.90022E+02  2.88932E+02  2.87846E+02  2.86757E+02  2.85655E+02  2.84526E+02  2.83348E+02  2.82127E+02  2.80836E+02  2.79605E+02  2.78384E+02  2.76528E+02  2.74561E+02  2.72429E+02
 2.94898E+02  2.94298E+02  2.93554E+02  2.92720E+02  2.91799E+02  2.90783E+02  2.89709E+02  2.88663E+02  2.87635E+02  2.86606E+02  2.85553E+02  2.84447E+02  2.83245E+02  2.81985E+02  2.80717E+02  2.79508E+02  2.78319E+02  2.76160E+02  2.73933E+02  2.71820E+02
 2.94583E+02  2.93979E+02  2.93241E+02  2.92421E+02  2.91519E+02  2.90509E+02  2.89404E+02  2.88400E+02  2.87434E+02  2.86467E+02  2.85472E+02  2.84402E+02  2.83178E+02  2.81800E+02  2.80469E+02  2.79154E+02  2.77787E+02  2.75624E+02  2.73360E+02  2.71262E+02
 2.94336E+02  2.93730E+02  2.92999E+02  2.92196E+02  2.91322E+02  2.90357E+02  2.89333E+02  2.88328E+02  2.87327E+02  2.86307E+02  2.85249E+02  2.84120E+02  2.82868E+02  2.81530E+02  2.80131E+02  2.78660E+02  2.77039E+02  2.75013E+02  2.72820E+02  2.70761E+02
 2.94145E+02  2.93538E+02  2.92813E+02  2.92023E+02  2.91172E+02  2.90242E+02  2.89264E+02  2.88262E+02  2.87235E+02  2.86173E+02  2.85064E+02  2.83888E+02  2.82619E+02  2.81256E+02  2.79798E+02  2.78225E+02  2.76489E+02  2.74501E+02  2.72353E+02  2.70326E+02
 2.94000E+02  2.93393E+02  2.92670E+02  2.91888E+02  2.91051E+02  2.90145E+02  2.89188E+02  2.88189E+02  2.87148E+02  2.86059E+02  2.84916E+02  2.83705E+02  2.82408E+02  2.81013E+02  2.79508E+02  2.77875E+02  2.76084E+02  2.74098E+02  2.71970E+02  2.69967E+02
 2.93890E+02  2.93282E+02  2.92559E+02  2.91781E+02  2.90952E+02  2.90060E+02  2.89114E+02  2.88117E+02  2.87067E+02  2.85962E+02  2.84796E+02  2.83558E+02  2.82235E+02  2.80811E+02  2.79272E+02  2.77601E+02  2.75777E+02  2.73787E+02  2.71671E+02  2.69684E+02
 2.93811E+02  2.93201E+02  2.92477E+02  2.91698E+02  2.90867E+02  2.89980E+02  2.89038E+02  2.88039E+02  2.86984E+02  2.85867E+02  2.84684E+02  2.83427E+02  2.82082E+02  2.80636E+02  2.79074E+02  2.77380E+02  2.75542E+02  2.73555E+02  2.71450E+02  2.69476E+02
 2.93759E+02  2.93148E+02  2.92423E+02  2.91642E+02  2.90810E+02  2.89924E+02  2.88982E+02  2.87982E+02  2.86922E+02  2.85798E+02  2.84604E+02  2.83334E+02  2.81974E+02  2.80513E+02  2.78935E+02  2.77230E+02  2.75386E+02  2.73401E+02  2.71305E+02  2.69340E+02
 2.93734E+02  2.93122E+02  2.92396E+02  2.91614E+02  2.90781E+02  2.89895E+02  2.88953E+02  2.87952E+02  2.86889E+02  2.85762E+02  2.84563E+02  2.83285E+02  2.81918E+02  2.80449E+02  2.78865E+02  2.77153E+02  2.75308E+02  2.73325E+02  2.71233E+02  2.69274E+02
