SP TS  121  10  ITER 5000  DELT 3.0420000  (NROW,NCOL,NLAY) = (23, 20, 7)   ERROR 0.2904719 %  FORMAT "(*(ES12.5, :, 1x))"     DEC-2009    LAY 1
 2.94033E+02  2.93286E+02  2.92524E+02  2.91708E+02  2.90833E+02  2.89896E+02  2.88898E+02  2.87837E+02  2.86707E+02  2.85500E+02  2.84207E+02  2.82820E+02  2.81335E+02  2.79752E+02  2.78068E+02  2.76280E+02  2.74382E+02  2.72369E+02  2.70217E+02  2.67700E+02
 2.94049E+02  2.93303E+02  2.92544E+02  2.91728E+02  2.90851E+02  2.89915E+02  2.88919E+02  2.87861E+02  2.86735E+02  2.85533E+02  2.84244E+02  2.82860E+02  2.81374E+02  2.79790E+02  2.78106E+02  2.76317E+02  2.74419E+02  2.72406E+02  2.70253E+02  2.67731E+02
 2.94077E+02  2.93334E+02  2.92585E+02  2.91768E+02  2.90890E+02  2.89954E+02  2.88960E+02  2.87907E+02  2.86790E+02  2.85599E+02  2.84320E+02  2.82942E+02  2.81450E+02  2.79865E+02  2.78180E+02  2.76392E+02  2.74495E+02  2.72481E+02  2.70330E+02  2.67796E+02
 2.94114E+02  2.93374E+02  2.92626E+02  2.91796E+02  2.90915E+02  2.89977E+02  2.88983E+02  2.87936E+02  2.86833E+02  2.85658E+02  2.84396E+02  2.83042E+02  2.81556E+02  2.79975E+02  2.78293E+02  2.76507E+02  2.74611E+02  2.72595E+02  2.70435E+02  2.67897E+02
 2.94163E+02  2.93426E+02  2.92677E+02  2.91844E+02  2.90959E+02  2.90018E+02  2.89024E+02  2.87984E+02  2.86898E+02  2.85744E+02  2.84504E+02  2.83169E+02  2.81696E+02  2.80122E+02  2.78446E+02  2.76664E+02  2.74772E+02  2.72755E+02  2.70590E+02  2.68043E+02
 2.94227E+02  2.93497E+02  2.92745E+02  2.91911E+02  2.91023E+02  2.90077E+02  2.89080E+02  2.88052E+02  2.86989E+02  2.85861E+02  2.84646E+02  2.83332E+02  2.81873E+02  2.80308E+02  2.78640E+02  2.76867E+02  2.74986E+02  2.72968E+02  2.70799E+02  2.68242E+02
 2.94312E+02  2.93584E+02  2.92837E+02  2.92000E+02  2.91108E+02  2.90157E+02  2.89162E+02  2.88148E+02  2.87110E+02  2.86014E+02  2.84831E+02  2.83541E+02  2.82093E+02  2.80537E+02  2.78878E+02  2.77116E+02  2.75242E+02  2.73238E+02  2.71072E+02  2.68505E+02
 2.94429E+02  2.93711E+02  2.92960E+02  2.92119E+02  2.91218E+02  2.90258E+02  2.89257E+02  2.88264E+02  2.87264E+02  2.86214E+02  2.85071E+02  2.83813E+02  2.82364E+02  2.80809E+02  2.79162E+02  2.77418E+02  2.75564E+02  2.73579E+02  2.71422E+02  2.68846E+02
 2.94590E+02  2.93872E+02  2.93123E+02  2.92276E+02  2.91361E+02  2.90376E+02  2.89339E+02  2.88377E+02  2.87447E+02  2.86474E+02  2.85382E+02  2.84190E+02  2.82690E+02  2.81116E+02  2.79481E+02  2.77766E+02  2.75949E+02  2.73999E+02  2.71864E+02  2.69280E+02
 2.94808E+02  2.94099E+02  2.93342E+02  2.92485E+02  2.91552E+02  2.90521E+02  2.89293E+02  2.88432E+02  2.87667E+02  2.86867E+02  2.85786E+02  2.84875E+02  2.83056E+02  2.81441E+02  2.79829E+02  2.78165E+02  2.76410E+02  2.74519E+02  2.72422E+02  2.69832E+02
 2.95092E+02  2.94386E+02  2.93632E+02  2.92769E+02  2.91826E+02  2.90808E+02  2.89738E+02  2.88740E+02  2.87780E+02  2.86809E+02  2.85807E+02  2.84990E+02  2.83273E+02  2.81731E+02  2.80185E+02  2.78607E+02  2.76956E+02  2.75166E+02  2.73148E+02  2.70538E+02
 2.95470E+02  2.94770E+02  2.94008E+02  2.93142E+02  2.92178E+02  2.91143E+02  2.90065E+02  2.88986E+02  2.87920E+02  2.86856E+02  2.85794E+02  2.84799E+02  2.83383E+02  2.82016E+02  2.80542E+02  2.79090E+02  2.77607E+02  2.75982E+02  2.74173E+02  2.71443E+02
 2.96051E+02  2.95350E+02  2.94586E+02  2.93708E+02  2.92682E+02  2.91589E+02  2.90444E+02  2.89288E+02  2.88132E+02  2.86975E+02  2.85819E+02  2.84685E+02  2.83539E+02  2.82475E+02  2.80883E+02  2.79624E+02  2.78457E+02  2.77068E+02  2.76158E+02  2.72652E+02
 2.95439E+02  2.94738E+02  2.93971E+02  2.93123E+02  2.92177E+02  2.91132E+02  2.90043E+02  2.88945E+02  2.87854E+02  2.86760E+02  2.85655E+02  2.84527E+02  2.83354E+02  2.82148E+02  2.80849E+02  2.79646E+02  2.78667E+02  2.76586E+02  2.74580E+02  2.71764E+02
 2.95032E+02  2.94322E+02  2.93565E+02  2.92730E+02  2.91814E+02  2.90788E+02  2.89702E+02  2.88658E+02  2.87634E+02  2.86610E+02  2.85562E+02  2.84462E+02  2.83257E+02  2.81994E+02  2.80727E+02  2.79561E+02  2.78823E+02  2.76204E+02  2.73865E+02  2.71115E+02
 2.94718E+02  2.94001E+02  2.93249E+02  2.92428E+02  2.91531E+02  2.90502E+02  2.89278E+02  2.88320E+02  2.87402E+02  2.86483E+02  2.85546E+02  2.84551E+02  2.83251E+02  2.81816E+02  2.80479E+02  2.79192E+02  2.78127E+02  2.75648E+02  2.73280E+02  2.70558E+02
 2.94474E+02  2.93752E+02  2.93006E+02  2.92202E+02  2.91333E+02  2.90359E+02  2.89323E+02  2.88321E+02  2.87326E+02  2.86311E+02  2.85260E+02  2.84138E+02  2.82884E+02  2.81538E+02  2.80137E+02  2.78669E+02  2.77076E+02  2.75006E+02  2.72735E+02  2.70060E+02
 2.94286E+02  2.93560E+02  2.92821E+02  2.92029E+02  2.91184E+02  2.90247E+02  2.89266E+02  2.88263E+02  2.87238E+02  2.86177E+02  2.85070E+02  2.83894E+02  2.82626E+02  2.81261E+02  2.79802E+02  2.78228E+02  2.76496E+02  2.74486E+02  2.72267E+02  2.69631E+02
 2.94143E+02  2.93415E+02  2.92677E+02  2.91894E+02  2.91064E+02  2.90151E+02  2.89192E+02  2.88193E+02  2.87152E+02  2.86064E+02  2.84922E+02  2.83711E+02  2.82414E+02  2.81018E+02  2.79512E+02  2.77876E+02  2.76087E+02  2.74081E+02  2.71883E+02  2.69275E+02
 2.94035E+02  2.93304E+02  2.92567E+02  2.91787E+02  2.90964E+02  2.90072E+02  2.89126E+02  2.88128E+02  2.87079E+02  2.85974E+02  2.84808E+02  2.83570E+02  2.82246E+02  2.80822E+02  2.79281E+02  2.77607E+02  2.75778E+02  2.73769E+02  2.71583E+02  2.68996E+02
 2.93957E+02  2.93224E+02  2.92485E+02  2.91704E+02  2.90873E+02  2.89986E+02  2.89044E+02  2.88045E+02  2.86990E+02  2.85873E+02  2.84691E+02  2.83433E+02  2.82088E+02  2.80640E+02  2.79076E+02  2.77379E+02  2.75536E+02  2.73536E+02  2.71362E+02  2.68792E+02
 2.93906E+02  2.93171E+02  2.92431E+02  2.91648E+02  2.90816E+02  2.89929E+02  2.88987E+02  2.87988E+02  2.86928E+02  2.85804E+02  2.84610E+02  2.83339E+02  2.81979E+02  2.80516E+02  2.78937E+02  2.77228E+02  2.75378E+02  2.73382E+02  2.71216E+02  2.68659E+02
 2.93881E+02  2.93145E+02  2.92404E+02  2.91620E+02  2.90787E+02  2.89901E+02  2.88958E+02  2.87958E+02  2.86895E+02  2.85768E+02  2.84569E+02  2.83291E+02  2.81923E+02  2.80452E+02  2.78866E+02  2.77151E+02  2.75300E+02  2.73305E+02  2.71144E+02  2.68596E+02
LAY 2
 2.94027E+02  2.93284E+02  2.92524E+02  2.91708E+02  2.90832E+02  2.89896E+02  2.88898E+02  2.87837E+02  2.86707E+02  2.85500E+02  2.84206E+02  2.82819E+02  2.81335E+02  2.79751E+02  2.78067E+02  2.76279E+02  2.74381E+02  2.72368E+02  2.70222E+02  2.67788E+02
 2.94042E+02  2.93301E+02  2.92544E+02  2.91727E+02  2.90851E+02  2.89915E+02  2.88919E+02  2.87860E+02  2.86735E+02  2.85533E+02  2.84244E+02  2.82859E+02  2.81373E+02  2.79789E+02  2.78105E+02  2.76316E+02  2.74418E+02  2.72405E+02  2.70258E+02  2.67819E+02
 2.94070E+02  2.93333E+02  2.92583E+02  2.91766E+02  2.90889E+02  2.89953E+02  2.88958E+02  2.87905E+02  2.86789E+02  2.85597E+02  2.84318E+02  2.82940E+02  2.81449E+02  2.79864E+02  2.78180E+02  2.76391E+02  2.74494E+02  2.72481E+02  2.70336E+02  2.67885E+02
 2.94108E+02  2.93372E+02  2.92624E+02  2.91796E+02  2.90915E+02  2.89977E+02  2.88983E+02  2.87936E+02  2.86832E+02  2.85657E+02  2.84396E+02  2.83040E+02  2.81555E+02  2.79974E+02  2.78292E+02  2.76506E+02  2.74610E+02  2.72594E+02  2.70440E+02  2.67986E+02
 2.94156E+02  2.93424E+02  2.92676E+02  2.91844E+02  2.90959E+02  2.90018E+02  2.89024E+02  2.87984E+02  2.86898E+02  2.85744E+02  2.84504E+02  2.83167E+02  2.81695E+02  2.80121E+02  2.78445E+02  2.76663E+02  2.74771E+02  2.72755E+02  2.70595E+02  2.68132E+02
 2.94220E+02  2.93495E+02  2.92744E+02  2.91911E+02  2.91023E+02  2.90077E+02  2.89080E+02  2.88052E+02  2.86989E+02  2.85860E+02  2.84646E+02  2.83330E+02  2.81872E+02  2.80308E+02  2.78639E+02  2.76866E+02  2.74986E+02  2.72968E+02  2.70805E+02  2.68332E+02
 2.94305E+02  2.93582E+02  2.92835E+02  2.92000E+02  2.91108E+02  2.90157E+02  2.89161E+02  2.88147E+02  2.87110E+02  2.86014E+02  2.84830E+02  2.83539E+02  2.82093E+02  2.80536E+02  2.78878E+02  2.77115E+02  2.75241E+02  2.73237E+02  2.71077E+02  2.68595E+02
 2.94422E+02  2.93708E+02  2.92958E+02  2.92119E+02  2.91218E+02  2.90258E+02  2.89257E+02  2.88264E+02  2.87264E+02  2.86214E+02  2.85070E+02  2.83810E+02  2.82364E+02  2.80808E+02  2.79161E+02  2.77417E+02  2.75563E+02  2.73579E+02  2.71427E+02  2.68936E+02
 2.94584E+02  2.93870E+02  2.93121E+02  2.92276E+02  2.91361E+02  2.90376E+02  2.89340E+02  2.88378E+02  2.87447E+02  2.86473E+02  2.85380E+02  2.84185E+02  2.82689E+02  2.81116E+02  2.79481E+02  2.77766E+02  2.75948E+02  2.73998E+02  2.71869E+02  2.69370E+02
 2.94801E+02  2.94096E+02  2.93341E+02  2.92485E+02  2.91551E+02  2.90523E+02  2.89321E+02  2.88445E+02  2.87661E+02  2.86843E+02  2.85772E+02  2.84824E+02  2.83052E+02  2.81440E+02  2.79828E+02  2.78164E+02  2.76409E+02  2.74518E+02  2.72428E+02  2.69923E+02
 2.95085E+02  2.94384E+02  2.93630E+02  2.92768E+02  2.91825E+02  2.90808E+02  2.89739E+02  2.88741E+02  2.87780E+02  2.86808E+02  2.85805E+02  2.84946E+02  2.83269E+02  2.81730E+02  2.80184E+02  2.78606E+02  2.76955E+02  2.75165E+02  2.73153E+02  2.70629E+02
 2.95460E+02  2.94765E+02  2.94003E+02  2.93138E+02  2.92175E+02  2.91140E+02  2.90063E+02  2.88985E+02  2.87920E+02  2.86856E+02  2.85794E+02  2.84783E+02  2.83382E+02  2.82013E+02  2.80541E+02  2.79088E+02  2.77603E+02  2.75977E+02  2.74168E+02  2.71530E+02
 2.95991E+02  2.95295E+02  2.94532E+02  2.93656E+02  2.92638E+02  2.91550E+02  2.90412E+02  2.89262E+02  2.88113E+02  2.86962E+02  2.85812E+02  2.84680E+02  2.83526E+02  2.82433E+02  2.80875E+02  2.79605E+02  2.78417E+02  2.77011E+02  2.75976E+02  2.72672E+02
 2.95429E+02  2.94732E+02  2.93967E+02  2.93119E+02  2.92172E+02  2.91129E+02  2.90041E+02  2.88944E+02  2.87853E+02  2.86760E+02  2.85655E+02  2.84527E+02  2.83354E+02  2.82146E+02  2.80848E+02  2.79642E+02  2.78617E+02  2.76578E+02  2.74575E+02  2.71851E+02
 2.95025E+02  2.94320E+02  2.93564E+02  2.92729E+02  2.91812E+02  2.90787E+02  2.89703E+02  2.88659E+02  2.87635E+02  2.86609E+02  2.85561E+02  2.84460E+02  2.83255E+02  2.81993E+02  2.80726E+02  2.79555E+02  2.78730E+02  2.76197E+02  2.73869E+02  2.71206E+02
 2.94712E+02  2.93999E+02  2.93249E+02  2.92427E+02  2.91530E+02  2.90503E+02  2.89303E+02  2.88335E+02  2.87408E+02  2.86480E+02  2.85533E+02  2.84523E+02  2.83233E+02  2.81814E+02  2.80478E+02  2.79187E+02  2.78065E+02  2.75643E+02  2.73285E+02  2.70649E+02
 2.94468E+02  2.93750E+02  2.93006E+02  2.92202E+02  2.91332E+02  2.90359E+02  2.89324E+02  2.88322E+02  2.87326E+02  2.86311E+02  2.85259E+02  2.84136E+02  2.82883E+02  2.81538E+02  2.80136E+02  2.78668E+02  2.77070E+02  2.75004E+02  2.72741E+02  2.70151E+02
 2.94279E+02  2.93559E+02  2.92820E+02  2.92029E+02  2.91182E+02  2.90247E+02  2.89266E+02  2.88263E+02  2.87238E+02  2.86177E+02  2.85069E+02  2.83893E+02  2.82625E+02  2.81261E+02  2.79801E+02  2.78227E+02  2.76493E+02  2.74485E+02  2.72272E+02  2.69721E+02
 2.94136E+02  2.93413E+02  2.92677E+02  2.91894E+02  2.91062E+02  2.90150E+02  2.89192E+02  2.88193E+02  2.87152E+02  2.86064E+02  2.84921E+02  2.83710E+02  2.82413E+02  2.81018E+02  2.79511E+02  2.77875E+02  2.76085E+02  2.74080E+02  2.71888E+02  2.69365E+02
 2.94027E+02  2.93303E+02  2.92567E+02  2.91787E+02  2.90962E+02  2.90071E+02  2.89124E+02  2.88127E+02  2.87077E+02  2.85972E+02  2.84806E+02  2.83568E+02  2.82244E+02  2.80820E+02  2.79279E+02  2.77604E+02  2.75776E+02  2.73768E+02  2.71589E+02  2.69086E+02
 2.93949E+02  2.93222E+02  2.92485E+02  2.91704E+02  2.90873E+02  2.89986E+02  2.89043E+02  2.88045E+02  2.86989E+02  2.85873E+02  2.84690E+02  2.83432E+02  2.82087E+02  2.80640E+02  2.79075E+02  2.77378E+02  2.75535E+02  2.73535E+02  2.71367E+02  2.68881E+02
 2.93899E+02  2.93169E+02  2.92431E+02  2.91648E+02  2.90816E+02  2.89929E+02  2.88987E+02  2.87987E+02  2.86927E+02  2.85803E+02  2.84610E+02  2.83339E+02  2.81979E+02  2.80516E+02  2.78936E+02  2.77227E+02  2.75377E+02  2.73381E+02  2.71222E+02  2.68748E+02
 2.93874E+02  2.93143E+02  2.92404E+02  2.91620E+02  2.90787E+02  2.89900E+02  2.88958E+02  2.87957E+02  2.86895E+02  2.85767E+02  2.84569E+02  2.83291E+02  2.81923E+02  2.80452E+02  2.78865E+02  2.77150E+02  2.75299E+02  2.73304E+02  2.71150E+02  2.68684E+02
LAY 3
 2.94020E+02  2.93282E+02  2.92523E+02  2.91708E+02  2.90832E+02  2.89896E+02  2.88898E+02  2.87837E+02  2.86707E+02  2.85499E+02  2.84206E+02  2.82819E+02  2.81334E+02  2.79751E+02  2.78066E+02  2.76278E+02  2.74380E+02  2.72367E+02  2.70228E+02  2.67887E+02
 2.94036E+02  2.93300E+02  2.92543E+02  2.91727E+02  2.90851E+02  2.89915E+02  2.88918E+02  2.87860E+02  2.86735E+02  2.85532E+02  2.84243E+02  2.82858E+02  2.81373E+02  2.79788E+02  2.78104E+02  2.76315E+02  2.74417E+02  2.72404E+02  2.70264E+02  2.67918E+02
 2.94064E+02  2.93331E+02  2.92582E+02  2.91765E+02  2.90888E+02  2.89951E+02  2.88957E+02  2.87904E+02  2.86787E+02  2.85595E+02  2.84316E+02  2.82938E+02  2.81448E+02  2.79863E+02  2.78179E+02  2.76390E+02  2.74493E+02  2.72480E+02  2.70343E+02  2.67984E+02
 2.94101E+02  2.93371E+02  2.92622E+02  2.91796E+02  2.90915E+02  2.89977E+02  2.88983E+02  2.87936E+02  2.86832E+02  2.85657E+02  2.84395E+02  2.83038E+02  2.81555E+02  2.79973E+02  2.78291E+02  2.76505E+02  2.74608E+02  2.72594E+02  2.70446E+02  2.68085E+02
 2.94150E+02  2.93422E+02  2.92674E+02  2.91844E+02  2.90959E+02  2.90018E+02  2.89024E+02  2.87984E+02  2.86898E+02  2.85744E+02  2.84503E+02  2.83165E+02  2.81694E+02  2.80120E+02  2.78444E+02  2.76662E+02  2.74770E+02  2.72754E+02  2.70601E+02  2.68232E+02
 2.94213E+02  2.93493E+02  2.92742E+02  2.91910E+02  2.91023E+02  2.90077E+02  2.89080E+02  2.88051E+02  2.86988E+02  2.85860E+02  2.84645E+02  2.83328E+02  2.81871E+02  2.80307E+02  2.78638E+02  2.76865E+02  2.74986E+02  2.72967E+02  2.70810E+02  2.68432E+02
 2.94298E+02  2.93580E+02  2.92833E+02  2.92000E+02  2.91107E+02  2.90157E+02  2.89161E+02  2.88147E+02  2.87110E+02  2.86014E+02  2.84830E+02  2.83537E+02  2.82092E+02  2.80536E+02  2.78877E+02  2.77114E+02  2.75240E+02  2.73237E+02  2.71083E+02  2.68696E+02
 2.94416E+02  2.93706E+02  2.92957E+02  2.92119E+02  2.91218E+02  2.90257E+02  2.89257E+02  2.88263E+02  2.87264E+02  2.86213E+02  2.85070E+02  2.83808E+02  2.82363E+02  2.80808E+02  2.79160E+02  2.77415E+02  2.75562E+02  2.73578E+02  2.71433E+02  2.69037E+02
 2.94577E+02  2.93868E+02  2.93120E+02  2.92276E+02  2.91361E+02  2.90376E+02  2.89342E+02  2.88379E+02  2.87446E+02  2.86471E+02  2.85378E+02  2.84179E+02  2.82688E+02  2.81115E+02  2.79480E+02  2.77765E+02  2.75947E+02  2.73998E+02  2.71875E+02  2.69471E+02
 2.94795E+02  2.94094E+02  2.93339E+02  2.92484E+02  2.91551E+02  2.90524E+02  2.89350E+02  2.88458E+02  2.87655E+02  2.86817E+02  2.85756E+02  2.84770E+02  2.83048E+02  2.81439E+02  2.79827E+02  2.78163E+02  2.76408E+02  2.74518E+02  2.72433E+02  2.70025E+02
 2.95079E+02  2.94382E+02  2.93628E+02  2.92767E+02  2.91825E+02  2.90808E+02  2.89741E+02  2.88742E+02  2.87780E+02  2.86807E+02  2.85803E+02  2.84900E+02  2.83265E+02  2.81729E+02  2.80183E+02  2.78605E+02  2.76954E+02  2.75164E+02  2.73158E+02  2.70730E+02
 2.95450E+02  2.94759E+02  2.93999E+02  2.93134E+02  2.92171E+02  2.91137E+02  2.90060E+02  2.88984E+02  2.87920E+02  2.86857E+02  2.85794E+02  2.84766E+02  2.83380E+02  2.82010E+02  2.80539E+02  2.79086E+02  2.77599E+02  2.75972E+02  2.74162E+02  2.71625E+02
 2.95930E+02  2.95241E+02  2.94478E+02  2.93603E+02  2.92593E+02  2.91511E+02  2.90380E+02  2.89236E+02  2.88093E+02  2.86949E+02  2.85804E+02  2.84674E+02  2.83512E+02  2.82388E+02  2.80866E+02  2.79585E+02  2.78374E+02  2.76950E+02  2.75780E+02  2.72693E+02
 2.95419E+02  2.94727E+02  2.93964E+02  2.93114E+02  2.92167E+02  2.91126E+02  2.90038E+02  2.88943E+02  2.87853E+02  2.86760E+02  2.85656E+02  2.84528E+02  2.83353E+02  2.82144E+02  2.80846E+02  2.79636E+02  2.78564E+02  2.76569E+02  2.74569E+02  2.71946E+02
 2.95019E+02  2.94318E+02  2.93563E+02  2.92728E+02  2.91810E+02  2.90787E+02  2.89704E+02  2.88659E+02  2.87635E+02  2.86609E+02  2.85559E+02  2.84458E+02  2.83253E+02  2.81992E+02  2.80725E+02  2.79548E+02  2.78630E+02  2.76190E+02  2.73873E+02  2.71307E+02
 2.94705E+02  2.93998E+02  2.93248E+02  2.92427E+02  2.91528E+02  2.90504E+02  2.89328E+02  2.88350E+02  2.87414E+02  2.86477E+02  2.85518E+02  2.84494E+02  2.83214E+02  2.81813E+02  2.80477E+02  2.79182E+02  2.77998E+02  2.75637E+02  2.73291E+02  2.70750E+02
 2.94461E+02  2.93748E+02  2.93005E+02  2.92201E+02  2.91330E+02  2.90359E+02  2.89326E+02  2.88323E+02  2.87326E+02  2.86310E+02  2.85257E+02  2.84134E+02  2.82882E+02  2.81537E+02  2.80136E+02  2.78666E+02  2.77063E+02  2.75003E+02  2.72747E+02  2.70252E+02
 2.94273E+02  2.93557E+02  2.92820E+02  2.92029E+02  2.91181E+02  2.90246E+02  2.89265E+02  2.88263E+02  2.87237E+02  2.86177E+02  2.85069E+02  2.83893E+02  2.82624E+02  2.81260E+02  2.79800E+02  2.78226E+02  2.76490E+02  2.74484E+02  2.72278E+02  2.69822E+02
 2.94129E+02  2.93411E+02  2.92677E+02  2.91894E+02  2.91061E+02  2.90150E+02  2.89192E+02  2.88193E+02  2.87152E+02  2.86064E+02  2.84921E+02  2.83710E+02  2.82413E+02  2.81017E+02  2.79510E+02  2.77874E+02  2.76082E+02  2.74079E+02  2.71894E+02  2.69465E+02
 2.94020E+02  2.93301E+02  2.92566E+02  2.91787E+02  2.90961E+02  2.90069E+02  2.89123E+02  2.88125E+02  2.87075E+02  2.85970E+02  2.84804E+02  2.83566E+02  2.82243E+02  2.80818E+02  2.79277E+02  2.77602E+02  2.75773E+02  2.73767E+02  2.71595E+02  2.69186E+02
 2.93942E+02  2.93220E+02  2.92484E+02  2.91703E+02  2.90873E+02  2.89986E+02  2.89043E+02  2.88045E+02  2.86989E+02  2.85872E+02  2.84690E+02  2.83432E+02  2.82086E+02  2.80639E+02  2.79074E+02  2.77377E+02  2.75533E+02  2.73534E+02  2.71373E+02  2.68981E+02
 2.93891E+02  2.93168E+02  2.92430E+02  2.91648E+02  2.90815E+02  2.89929E+02  2.88987E+02  2.87987E+02  2.86927E+02  2.85803E+02  2.84610E+02  2.83338E+02  2.81978E+02  2.80515E+02  2.78935E+02  2.77226E+02  2.75376E+02  2.73380E+02  2.71228E+02  2.68847E+02
 2.93866E+02  2.93141E+02  2.92403E+02  2.91620E+02  2.90787E+02  2.89900E+02  2.88958E+02  2.87957E+02  2.86895E+02  2.85767E+02  2.84568E+02  2.83290E+02  2.81922E+02  2.80451E+02  2.78864E+02  2.77149E+02  2.75298E+02  2.73304E+02  2.71156E+02  2.68783E+02
LAY 4
 2.93968E+02  2.93277E+02  2.92523E+02  2.91708E+02  2.90832E+02  2.89896E+02  2.88898E+02  2.87836E+02  2.86706E+02  2.85499E+02  2.84205E+02  2.82818E+02  2.81333E+02  2.79750E+02  2.78065E+02  2.76276E+02  2.74378E+02  2.72367E+02  2.70245E+02  2.68067E+02
 2.93984E+02  2.93294E+02  2.92542E+02  2.91727E+02  2.90851E+02  2.89914E+02  2.88918E+02  2.87859E+02  2.86734E+02  2.85532E+02  2.84242E+02  2.82857E+02  2.81372E+02  2.79787E+02  2.78103E+02  2.76313E+02  2.74415E+02  2.72405E+02  2.70282E+02  2.68098E+02
 2.94012E+02  2.93325E+02  2.92579E+02  2.91763E+02  2.90886E+02  2.89949E+02  2.88955E+02  2.87901E+02  2.86785E+02  2.85593E+02  2.84314E+02  2.82936E+02  2.81447E+02  2.79862E+02  2.78177E+02  2.76389E+02  2.74491E+02  2.72480E+02  2.70359E+02  2.68165E+02
 2.94050E+02  2.93365E+02  2.92619E+02  2.91795E+02  2.90914E+02  2.89976E+02  2.88982E+02  2.87935E+02  2.86832E+02  2.85656E+02  2.84394E+02  2.83035E+02  2.81553E+02  2.79972E+02  2.78290E+02  2.76504E+02  2.74607E+02  2.72594E+02  2.70464E+02  2.68267E+02
 2.94099E+02  2.93417E+02  2.92671E+02  2.91843E+02  2.90959E+02  2.90018E+02  2.89023E+02  2.87984E+02  2.86897E+02  2.85743E+02  2.84502E+02  2.83162E+02  2.81693E+02  2.80119E+02  2.78443E+02  2.76661E+02  2.74768E+02  2.72754E+02  2.70619E+02  2.68415E+02
 2.94163E+02  2.93487E+02  2.92739E+02  2.91910E+02  2.91022E+02  2.90077E+02  2.89079E+02  2.88051E+02  2.86988E+02  2.85860E+02  2.84644E+02  2.83326E+02  2.81870E+02  2.80306E+02  2.78637E+02  2.76864E+02  2.74983E+02  2.72967E+02  2.70829E+02  2.68617E+02
 2.94248E+02  2.93574E+02  2.92830E+02  2.92000E+02  2.91107E+02  2.90157E+02  2.89161E+02  2.88147E+02  2.87109E+02  2.86013E+02  2.84829E+02  2.83534E+02  2.82091E+02  2.80535E+02  2.78875E+02  2.77113E+02  2.75239E+02  2.73237E+02  2.71102E+02  2.68882E+02
 2.94366E+02  2.93700E+02  2.92954E+02  2.92118E+02  2.91218E+02  2.90257E+02  2.89257E+02  2.88263E+02  2.87263E+02  2.86213E+02  2.85068E+02  2.83805E+02  2.82362E+02  2.80806E+02  2.79158E+02  2.77414E+02  2.75560E+02  2.73578E+02  2.71451E+02  2.69225E+02
 2.94528E+02  2.93862E+02  2.93117E+02  2.92275E+02  2.91361E+02  2.90377E+02  2.89346E+02  2.88381E+02  2.87445E+02  2.86466E+02  2.85374E+02  2.84169E+02  2.82685E+02  2.81114E+02  2.79478E+02  2.77763E+02  2.75946E+02  2.73998E+02  2.71893E+02  2.69661E+02
 2.94747E+02  2.94088E+02  2.93336E+02  2.92483E+02  2.91551E+02  2.90528E+02  2.89386E+02  2.88476E+02  2.87647E+02  2.86785E+02  2.85732E+02  2.84701E+02  2.83039E+02  2.81437E+02  2.79826E+02  2.78162E+02  2.76407E+02  2.74518E+02  2.72452E+02  2.70217E+02
 2.95032E+02  2.94376E+02  2.93624E+02  2.92766E+02  2.91823E+02  2.90807E+02  2.89744E+02  2.88743E+02  2.87779E+02  2.86804E+02  2.85795E+02  2.84839E+02  2.83257E+02  2.81727E+02  2.80182E+02  2.78604E+02  2.76952E+02  2.75163E+02  2.73174E+02  2.70924E+02
 2.95396E+02  2.94745E+02  2.93988E+02  2.93124E+02  2.92163E+02  2.91130E+02  2.90055E+02  2.88981E+02  2.87918E+02  2.86856E+02  2.85792E+02  2.84742E+02  2.83375E+02  2.82003E+02  2.80536E+02  2.79081E+02  2.77591E+02  2.75961E+02  2.74152E+02  2.71809E+02
 2.95815E+02  2.95164E+02  2.94406E+02  2.93533E+02  2.92532E+02  2.91458E+02  2.90336E+02  2.89201E+02  2.88066E+02  2.86931E+02  2.85794E+02  2.84663E+02  2.83492E+02  2.82333E+02  2.80851E+02  2.79556E+02  2.78313E+02  2.76860E+02  2.75544E+02  2.72781E+02
 2.95366E+02  2.94713E+02  2.93954E+02  2.93105E+02  2.92157E+02  2.91118E+02  2.90032E+02  2.88939E+02  2.87850E+02  2.86759E+02  2.85656E+02  2.84527E+02  2.83351E+02  2.82137E+02  2.80842E+02  2.79624E+02  2.78489E+02  2.76549E+02  2.74558E+02  2.72131E+02
 2.94972E+02  2.94313E+02  2.93562E+02  2.92727E+02  2.91807E+02  2.90786E+02  2.89707E+02  2.88661E+02  2.87635E+02  2.86608E+02  2.85557E+02  2.84453E+02  2.83249E+02  2.81990E+02  2.80722E+02  2.79532E+02  2.78501E+02  2.76173E+02  2.73888E+02  2.71503E+02
 2.94658E+02  2.93993E+02  2.93247E+02  2.92426E+02  2.91526E+02  2.90507E+02  2.89360E+02  2.88371E+02  2.87423E+02  2.86473E+02  2.85499E+02  2.84456E+02  2.83188E+02  2.81811E+02  2.80475E+02  2.79171E+02  2.77910E+02  2.75627E+02  2.73309E+02  2.70945E+02
 2.94412E+02  2.93743E+02  2.93005E+02  2.92201E+02  2.91328E+02  2.90359E+02  2.89329E+02  2.88325E+02  2.87327E+02  2.86309E+02  2.85255E+02  2.84130E+02  2.82879E+02  2.81536E+02  2.80134E+02  2.78663E+02  2.77051E+02  2.75001E+02  2.72765E+02  2.70445E+02
 2.94223E+02  2.93551E+02  2.92819E+02  2.92028E+02  2.91178E+02  2.90246E+02  2.89266E+02  2.88263E+02  2.87237E+02  2.86176E+02  2.85068E+02  2.83892E+02  2.82624E+02  2.81259E+02  2.79799E+02  2.78224E+02  2.76486E+02  2.74484E+02  2.72297E+02  2.70012E+02
 2.94078E+02  2.93406E+02  2.92676E+02  2.91893E+02  2.91058E+02  2.90149E+02  2.89191E+02  2.88192E+02  2.87151E+02  2.86063E+02  2.84920E+02  2.83709E+02  2.82412E+02  2.81016E+02  2.79509E+02  2.77872E+02  2.76079E+02  2.74079E+02  2.71913E+02  2.69654E+02
 2.93969E+02  2.93296E+02  2.92566E+02  2.91786E+02  2.90959E+02  2.90067E+02  2.89121E+02  2.88123E+02  2.87073E+02  2.85968E+02  2.84802E+02  2.83564E+02  2.82240E+02  2.80815E+02  2.79274E+02  2.77599E+02  2.75770E+02  2.73767E+02  2.71613E+02  2.69373E+02
 2.93891E+02  2.93215E+02  2.92484E+02  2.91703E+02  2.90872E+02  2.89985E+02  2.89043E+02  2.88044E+02  2.86988E+02  2.85872E+02  2.84689E+02  2.83431E+02  2.82085E+02  2.80638E+02  2.79073E+02  2.77375E+02  2.75532E+02  2.73534E+02  2.71392E+02  2.69166E+02
 2.93840E+02  2.93162E+02  2.92430E+02  2.91648E+02  2.90815E+02  2.89929E+02  2.88987E+02  2.87987E+02  2.86927E+02  2.85803E+02  2.84609E+02  2.83338E+02  2.81977E+02  2.80514E+02  2.78934E+02  2.77224E+02  2.75375E+02  2.73380E+02  2.71246E+02  2.69032E+02
 2.93814E+02  2.93136E+02  2.92403E+02  2.91620E+02  2.90787E+02  2.89900E+02  2.88958E+02  2.87957E+02  2.86895E+02  2.85767E+02  2.84568E+02  2.83290E+02  2.81921E+02  2.80450E+02  2.78863E+02  2.77148E+02  2.75296E+02  2.73304E+02  2.71174E+02  2.68967E+02
LAY 5
 2.93917E+02  2.93272E+02  2.92522E+02  2.91707E+02  2.90832E+02  2.89895E+02  2.88897E+02  2.87836E+02  2.86706E+02  2.85498E+02  2.84204E+02  2.82817E+02  2.81332E+02  2.79748E+02  2.78064E+02  2.76274E+02  2.74376E+02  2.72367E+02  2.70263E+02  2.68245E+02
 2.93933E+02  2.93289E+02  2.92541E+02  2.91726E+02  2.90850E+02  2.89914E+02  2.88917E+02  2.87859E+02  2.86733E+02  2.85531E+02  2.84241E+02  2.82856E+02  2.81370E+02  2.79786E+02  2.78101E+02  2.76312E+02  2.74414E+02  2.72404E+02  2.70299E+02  2.68277E+02
 2.93961E+02  2.93320E+02  2.92577E+02  2.91761E+02  2.90884E+02  2.89947E+02  2.88953E+02  2.87899E+02  2.86783E+02  2.85591E+02  2.84311E+02  2.82933E+02  2.81446E+02  2.79861E+02  2.78176E+02  2.76387E+02  2.74489E+02  2.72480E+02  2.70374E+02  2.68345E+02
 2.93999E+02  2.93360E+02  2.92617E+02  2.91794E+02  2.90914E+02  2.89976E+02  2.88982E+02  2.87935E+02  2.86831E+02  2.85655E+02  2.84393E+02  2.83032E+02  2.81552E+02  2.79971E+02  2.78289E+02  2.76502E+02  2.74605E+02  2.72594E+02  2.70481E+02  2.68448E+02
 2.94048E+02  2.93411E+02  2.92668E+02  2.91843E+02  2.90959E+02  2.90017E+02  2.89023E+02  2.87983E+02  2.86897E+02  2.85742E+02  2.84501E+02  2.83159E+02  2.81692E+02  2.80118E+02  2.78441E+02  2.76659E+02  2.74766E+02  2.72754E+02  2.70637E+02  2.68597E+02
 2.94113E+02  2.93481E+02  2.92736E+02  2.91909E+02  2.91022E+02  2.90076E+02  2.89079E+02  2.88050E+02  2.86987E+02  2.85859E+02  2.84643E+02  2.83323E+02  2.81869E+02  2.80304E+02  2.78636E+02  2.76862E+02  2.74979E+02  2.72967E+02  2.70847E+02  2.68800E+02
 2.94198E+02  2.93569E+02  2.92828E+02  2.91999E+02  2.91107E+02  2.90156E+02  2.89161E+02  2.88147E+02  2.87109E+02  2.86013E+02  2.84828E+02  2.83531E+02  2.82089E+02  2.80533E+02  2.78874E+02  2.77111E+02  2.75237E+02  2.73237E+02  2.71120E+02  2.69066E+02
 2.94317E+02  2.93694E+02  2.92951E+02  2.92118E+02  2.91218E+02  2.90257E+02  2.89257E+02  2.88263E+02  2.87263E+02  2.86212E+02  2.85067E+02  2.83801E+02  2.82360E+02  2.80805E+02  2.79157E+02  2.77412E+02  2.75558E+02  2.73577E+02  2.71470E+02  2.69411E+02
 2.94480E+02  2.93857E+02  2.93114E+02  2.92274E+02  2.91361E+02  2.90377E+02  2.89350E+02  2.88383E+02  2.87443E+02  2.86462E+02  2.85370E+02  2.84159E+02  2.82682E+02  2.81113E+02  2.79477E+02  2.77762E+02  2.75944E+02  2.73998E+02  2.71911E+02  2.69850E+02
 2.94700E+02  2.94082E+02  2.93333E+02  2.92483E+02  2.91551E+02  2.90531E+02  2.89422E+02  2.88494E+02  2.87640E+02  2.86752E+02  2.85708E+02  2.84631E+02  2.83030E+02  2.81435E+02  2.79825E+02  2.78160E+02  2.76405E+02  2.74518E+02  2.72470E+02  2.70408E+02
 2.94985E+02  2.94370E+02  2.93621E+02  2.92764E+02  2.91822E+02  2.90807E+02  2.89747E+02  2.88745E+02  2.87778E+02  2.86801E+02  2.85788E+02  2.84778E+02  2.83249E+02  2.81725E+02  2.80180E+02  2.78602E+02  2.76949E+02  2.75162E+02  2.73190E+02  2.71117E+02
 2.95343E+02  2.94731E+02  2.93978E+02  2.93115E+02  2.92155E+02  2.91123E+02  2.90049E+02  2.88977E+02  2.87916E+02  2.86856E+02  2.85790E+02  2.84718E+02  2.83370E+02  2.81996E+02  2.80533E+02  2.79076E+02  2.77582E+02  2.75949E+02  2.74143E+02  2.71992E+02
 2.95700E+02  2.95089E+02  2.94333E+02  2.93463E+02  2.92472E+02  2.91406E+02  2.90292E+02  2.89166E+02  2.88040E+02  2.86913E+02  2.85783E+02  2.84653E+02  2.83471E+02  2.82277E+02  2.80836E+02  2.79527E+02  2.78252E+02  2.76771E+02  2.75309E+02  2.72868E+02
 2.95312E+02  2.94699E+02  2.93945E+02  2.93095E+02  2.92147E+02  2.91111E+02  2.90027E+02  2.88935E+02  2.87848E+02  2.86758E+02  2.85656E+02  2.84527E+02  2.83349E+02  2.82131E+02  2.80838E+02  2.79611E+02  2.78415E+02  2.76529E+02  2.74548E+02  2.72315E+02
 2.94925E+02  2.94307E+02  2.93560E+02  2.92725E+02  2.91804E+02  2.90786E+02  2.89710E+02  2.88663E+02  2.87636E+02  2.86607E+02  2.85554E+02  2.84448E+02  2.83245E+02  2.81988E+02  2.80719E+02  2.79516E+02  2.78373E+02  2.76157E+02  2.73903E+02  2.71697E+02
 2.94611E+02  2.93988E+02  2.93246E+02  2.92426E+02  2.91524E+02  2.90510E+02  2.89391E+02  2.88392E+02  2.87431E+02  2.86469E+02  2.85480E+02  2.84418E+02  2.83163E+02  2.81808E+02  2.80472E+02  2.79159E+02  2.77822E+02  2.75616E+02  2.73326E+02  2.71138E+02
 2.94364E+02  2.93738E+02  2.93004E+02  2.92200E+02  2.91326E+02  2.90359E+02  2.89333E+02  2.88328E+02  2.87328E+02  2.86308E+02  2.85252E+02  2.84125E+02  2.82877E+02  2.81534E+02  2.80133E+02  2.78660E+02  2.77038E+02  2.74998E+02  2.72784E+02  2.70636E+02
 2.94173E+02  2.93546E+02  2.92818E+02  2.92028E+02  2.91176E+02  2.90245E+02  2.89266E+02  2.88263E+02  2.87237E+02  2.86175E+02  2.85067E+02  2.83891E+02  2.82622E+02  2.81258E+02  2.79798E+02  2.78222E+02  2.76482E+02  2.74484E+02  2.72315E+02  2.70201E+02
 2.94028E+02  2.93401E+02  2.92675E+02  2.91893E+02  2.91056E+02  2.90148E+02  2.89191E+02  2.88191E+02  2.87150E+02  2.86062E+02  2.84919E+02  2.83708E+02  2.82410E+02  2.81014E+02  2.79507E+02  2.77870E+02  2.76075E+02  2.74079E+02  2.71932E+02  2.69841E+02
 2.93918E+02  2.93290E+02  2.92565E+02  2.91786E+02  2.90957E+02  2.90065E+02  2.89119E+02  2.88121E+02  2.87071E+02  2.85966E+02  2.84800E+02  2.83561E+02  2.82237E+02  2.80812E+02  2.79270E+02  2.77595E+02  2.75766E+02  2.73767E+02  2.71632E+02  2.69558E+02
 2.93839E+02  2.93210E+02  2.92483E+02  2.91703E+02  2.90872E+02  2.89985E+02  2.89042E+02  2.88043E+02  2.86988E+02  2.85871E+02  2.84688E+02  2.83430E+02  2.82084E+02  2.80636E+02  2.79071E+02  2.77373E+02  2.75530E+02  2.73534E+02  2.71410E+02  2.69351E+02
 2.93788E+02  2.93157E+02  2.92429E+02  2.91647E+02  2.90815E+02  2.89928E+02  2.88986E+02  2.87986E+02  2.86926E+02  2.85802E+02  2.84608E+02  2.83337E+02  2.81976E+02  2.80513E+02  2.78932E+02  2.77223E+02  2.75373E+02  2.73380E+02  2.71264E+02  2.69215E+02
 2.93763E+02  2.93131E+02  2.92402E+02  2.91620E+02  2.90786E+02  2.89900E+02  2.88957E+02  2.87956E+02  2.86894E+02  2.85766E+02  2.84567E+02  2.83289E+02  2.81920E+02  2.80449E+02  2.78862E+02  2.77146E+02  2.75295E+02  2.73304E+02  2.71192E+02  2.69149E+02
LAY 6
 2.93906E+02  2.93270E+02  2.92522E+02  2.91707E+02  2.90832E+02  2.89895E+02  2.88897E+02  2.87836E+02  2.86706E+02  2.85498E+02  2.84204E+02  2.82817E+02  2.81332E+02  2.79748E+02  2.78063E+02  2.76274E+02  2.74376E+02  2.72367E+02  2.70267E+02  2.68284E+02
 2.93922E+02  2.93288E+02  2.92541E+02  2.91726E+02  2.90850E+02  2.89914E+02  2.88917E+02  2.87859E+02  2.86733E+02  2.85531E+02  2.84241E+02  2.82856E+02  2.81370E+02  2.79786E+02  2.78101E+02  2.76311E+02  2.74413E+02  2.72404E+02  2.70304E+02  2.68316E+02
 2.93950E+02  2.93319E+02  2.92576E+02  2.91760E+02  2.90883E+02  2.89947E+02  2.88952E+02  2.87899E+02  2.86782E+02  2.85590E+02  2.84310E+02  2.82932E+02  2.81445E+02  2.79860E+02  2.78176E+02  2.76387E+02  2.74489E+02  2.72480E+02  2.70378E+02  2.68384E+02
 2.93988E+02  2.93358E+02  2.92616E+02  2.91794E+02  2.90914E+02  2.89975E+02  2.88981E+02  2.87934E+02  2.86831E+02  2.85655E+02  2.84392E+02  2.83031E+02  2.81552E+02  2.79971E+02  2.78288E+02  2.76501E+02  2.74605E+02  2.72594E+02  2.70486E+02  2.68487E+02
 2.94037E+02  2.93410E+02  2.92667E+02  2.91842E+02  2.90958E+02  2.90017E+02  2.89023E+02  2.87983E+02  2.86897E+02  2.85742E+02  2.84501E+02  2.83159E+02  2.81691E+02  2.80118E+02  2.78441E+02  2.76659E+02  2.74766E+02  2.72754E+02  2.70641E+02  2.68637E+02
 2.94102E+02  2.93479E+02  2.92736E+02  2.91909E+02  2.91022E+02  2.90076E+02  2.89079E+02  2.88050E+02  2.86987E+02  2.85859E+02  2.84643E+02  2.83322E+02  2.81868E+02  2.80304E+02  2.78635E+02  2.76862E+02  2.74979E+02  2.72967E+02  2.70852E+02  2.68840E+02
 2.94187E+02  2.93568E+02  2.92827E+02  2.91999E+02  2.91107E+02  2.90156E+02  2.89161E+02  2.88147E+02  2.87109E+02  2.86013E+02  2.84828E+02  2.83531E+02  2.82089E+02  2.80533E+02  2.78874E+02  2.77111E+02  2.75236E+02  2.73237E+02  2.71125E+02  2.69106E+02
 2.94306E+02  2.93692E+02  2.92950E+02  2.92118E+02  2.91217E+02  2.90257E+02  2.89257E+02  2.88263E+02  2.87263E+02  2.86211E+02  2.85067E+02  2.83800E+02  2.82360E+02  2.80805E+02  2.79156E+02  2.77411E+02  2.75557E+02  2.73577E+02  2.71474E+02  2.69451E+02
 2.94470E+02  2.93856E+02  2.93113E+02  2.92274E+02  2.91361E+02  2.90377E+02  2.89351E+02  2.88383E+02  2.87443E+02  2.86461E+02  2.85369E+02  2.84156E+02  2.82682E+02  2.81113E+02  2.79477E+02  2.77761E+02  2.75944E+02  2.73998E+02  2.71916E+02  2.69891E+02
 2.94690E+02  2.94080E+02  2.93332E+02  2.92483E+02  2.91551E+02  2.90532E+02  2.89429E+02  2.88498E+02  2.87638E+02  2.86746E+02  2.85703E+02  2.84617E+02  2.83027E+02  2.81435E+02  2.79824E+02  2.78160E+02  2.76405E+02  2.74518E+02  2.72475E+02  2.70450E+02
 2.94975E+02  2.94368E+02  2.93620E+02  2.92764E+02  2.91822E+02  2.90807E+02  2.89748E+02  2.88745E+02  2.87778E+02  2.86800E+02  2.85786E+02  2.84765E+02  2.83247E+02  2.81724E+02  2.80180E+02  2.78601E+02  2.76949E+02  2.75161E+02  2.73194E+02  2.71159E+02
 2.95331E+02  2.94727E+02  2.93975E+02  2.93112E+02  2.92153E+02  2.91121E+02  2.90048E+02  2.88976E+02  2.87916E+02  2.86855E+02  2.85789E+02  2.84713E+02  2.83369E+02  2.81994E+02  2.80532E+02  2.79075E+02  2.77580E+02  2.75946E+02  2.74140E+02  2.72031E+02
 2.95676E+02  2.95072E+02  2.94318E+02  2.93448E+02  2.92459E+02  2.91395E+02  2.90283E+02  2.89158E+02  2.88034E+02  2.86909E+02  2.85781E+02  2.84651E+02  2.83467E+02  2.82266E+02  2.80833E+02  2.79521E+02  2.78239E+02  2.76751E+02  2.75261E+02  2.72886E+02
 2.95300E+02  2.94695E+02  2.93943E+02  2.93093E+02  2.92145E+02  2.91109E+02  2.90025E+02  2.88934E+02  2.87847E+02  2.86758E+02  2.85655E+02  2.84527E+02  2.83348E+02  2.82130E+02  2.80837E+02  2.79608E+02  2.78398E+02  2.76524E+02  2.74546E+02  2.72355E+02
 2.94915E+02  2.94306E+02  2.93560E+02  2.92725E+02  2.91804E+02  2.90785E+02  2.89710E+02  2.88664E+02  2.87636E+02  2.86607E+02  2.85554E+02  2.84447E+02  2.83244E+02  2.81988E+02  2.80719E+02  2.79512E+02  2.78345E+02  2.76153E+02  2.73907E+02  2.71740E+02
 2.94600E+02  2.93987E+02  2.93246E+02  2.92426E+02  2.91523E+02  2.90510E+02  2.89398E+02  2.88397E+02  2.87433E+02  2.86468E+02  2.85476E+02  2.84410E+02  2.83158E+02  2.81807E+02  2.80472E+02  2.79156E+02  2.77803E+02  2.75613E+02  2.73331E+02  2.71180E+02
 2.94353E+02  2.93737E+02  2.93004E+02  2.92200E+02  2.91325E+02  2.90359E+02  2.89333E+02  2.88328E+02  2.87328E+02  2.86308E+02  2.85251E+02  2.84124E+02  2.82876E+02  2.81534E+02  2.80133E+02  2.78659E+02  2.77035E+02  2.74998E+02  2.72788E+02  2.70678E+02
 2.94162E+02  2.93545E+02  2.92818E+02  2.92028E+02  2.91176E+02  2.90245E+02  2.89266E+02  2.88263E+02  2.87237E+02  2.86175E+02  2.85067E+02  2.83891E+02  2.82622E+02  2.81258E+02  2.79797E+02  2.78222E+02  2.76481E+02  2.74483E+02  2.72320E+02  2.70243E+02
 2.94017E+02  2.93399E+02  2.92675E+02  2.91892E+02  2.91056E+02  2.90148E+02  2.89191E+02  2.88191E+02  2.87150E+02  2.86062E+02  2.84919E+02  2.83708E+02  2.82410E+02  2.81014E+02  2.79507E+02  2.77870E+02  2.76074E+02  2.74079E+02  2.71936E+02  2.69882E+02
 2.93907E+02  2.93289E+02  2.92565E+02  2.91786E+02  2.90956E+02  2.90065E+02  2.89118E+02  2.88120E+02  2.87071E+02  2.85965E+02  2.84799E+02  2.83561E+02  2.82237E+02  2.80811E+02  2.79270E+02  2.77594E+02  2.75766E+02  2.73767E+02  2.71636E+02  2.69599E+02
 2.93828E+02  2.93208E+02  2.92483E+02  2.91703E+02  2.90872E+02  2.89985E+02  2.89042E+02  2.88043E+02  2.86987E+02  2.85871E+02  2.84688E+02  2.83430E+02  2.82084E+02  2.80636E+02  2.79071E+02  2.77373E+02  2.75529E+02  2.73534E+02  2.71415E+02  2.69391E+02
 2.93777E+02  2.93156E+02  2.92429E+02  2.91647E+02  2.90815E+02  2.89928E+02  2.88986E+02  2.87986E+02  2.86926E+02  2.85802E+02  2.84608E+02  2.83337E+02  2.81976E+02  2.80512E+02  2.78932E+02  2.77222E+02  2.75373E+02  2.73380E+02  2.71269E+02  2.69255E+02
 2.93751E+02  2.93129E+02  2.92402E+02  2.91620E+02  2.90786E+02  2.89900E+02  2.88957E+02  2.87956E+02  2.86894E+02  2.85766E+02  2.84567E+02  2.83289E+02  2.81920E+02  2.80449E+02  2.78861E+02  2.77146E+02  2.75294E+02  2.73304E+02  2.71197E+02  2.69189E+02
LAY 7
 2.93895E+02  2.93269E+02  2.92522E+02  2.91707E+02  2.90832E+02  2.89895E+02  2.88897E+02  2.87835E+02  2.86705E+02  2.85498E+02  2.84204E+02  2.82816E+02  2.81331E+02  2.79748E+02  2.78063E+02  2.76274E+02  2.74375E+02  2.72367E+02  2.70272E+02  2.68323E+02
 2.93911E+02  2.93286E+02  2.92540E+02  2.91726E+02  2.90850E+02  2.89914E+02  2.88917E+02  2.87858E+02  2.86733E+02  2.85530E+02  2.84241E+02  2.82856E+02  2.81370E+02  2.79785E+02  2.78100E+02  2.76311E+02  2.74413E+02  2.72404E+02  2.70308E+02  2.68355E+02
 2.93939E+02  2.93317E+02  2.92575E+02  2.91760E+02  2.90883E+02  2.89946E+02  2.88952E+02  2.87898E+02  2.86782E+02  2.85590E+02  2.84310E+02  2.82932E+02  2.81445E+02  2.79860E+02  2.78175E+02  2.76386E+02  2.74488E+02  2.72480E+02  2.70382E+02  2.68423E+02
 2.93977E+02  2.93357E+02  2.92615E+02  2.91794E+02  2.90913E+02  2.89975E+02  2.88981E+02  2.87934E+02  2.86830E+02  2.85655E+02  2.84392E+02  2.83031E+02  2.81551E+02  2.79970E+02  2.78288E+02  2.76501E+02  2.74604E+02  2.72594E+02  2.70490E+02  2.68527E+02
 2.94026E+02  2.93408E+02  2.92667E+02  2.91842E+02  2.90958E+02  2.90017E+02  2.89023E+02  2.87983E+02  2.86897E+02  2.85742E+02  2.84501E+02  2.83158E+02  2.81691E+02  2.80117E+02  2.78440E+02  2.76658E+02  2.74765E+02  2.72754E+02  2.70646E+02  2.68676E+02
 2.94091E+02  2.93478E+02  2.92735E+02  2.91909E+02  2.91022E+02  2.90076E+02  2.89079E+02  2.88050E+02  2.86987E+02  2.85859E+02  2.84643E+02  2.83321E+02  2.81868E+02  2.80304E+02  2.78635E+02  2.76861E+02  2.74978E+02  2.72967E+02  2.70856E+02  2.68879E+02
 2.94177E+02  2.93566E+02  2.92826E+02  2.91999E+02  2.91107E+02  2.90156E+02  2.89161E+02  2.88147E+02  2.87109E+02  2.86012E+02  2.84828E+02  2.83530E+02  2.82089E+02  2.80533E+02  2.78873E+02  2.77110E+02  2.75236E+02  2.73237E+02  2.71129E+02  2.69147E+02
 2.94295E+02  2.93691E+02  2.92950E+02  2.92118E+02  2.91217E+02  2.90257E+02  2.89257E+02  2.88263E+02  2.87262E+02  2.86211E+02  2.85066E+02  2.83799E+02  2.82359E+02  2.80805E+02  2.79156E+02  2.77411E+02  2.75557E+02  2.73577E+02  2.71479E+02  2.69492E+02
 2.94459E+02  2.93854E+02  2.93113E+02  2.92274E+02  2.91360E+02  2.90378E+02  2.89352E+02  2.88384E+02  2.87443E+02  2.86460E+02  2.85367E+02  2.84154E+02  2.82681E+02  2.81112E+02  2.79476E+02  2.77761E+02  2.75943E+02  2.73998E+02  2.71920E+02  2.69932E+02
 2.94680E+02  2.94079E+02  2.93332E+02  2.92482E+02  2.91551E+02  2.90533E+02  2.89437E+02  2.88502E+02  2.87637E+02  2.86739E+02  2.85698E+02  2.84602E+02  2.83025E+02  2.81434E+02  2.79824E+02  2.78160E+02  2.76405E+02  2.74518E+02  2.72480E+02  2.70491E+02
 2.94965E+02  2.94367E+02  2.93619E+02  2.92763E+02  2.91822E+02  2.90807E+02  2.89749E+02  2.88746E+02  2.87777E+02  2.86799E+02  2.85784E+02  2.84752E+02  2.83245E+02  2.81724E+02  2.80180E+02  2.78601E+02  2.76948E+02  2.75161E+02  2.73198E+02  2.71201E+02
 2.95319E+02  2.94724E+02  2.93972E+02  2.93110E+02  2.92151E+02  2.91119E+02  2.90047E+02  2.88976E+02  2.87915E+02  2.86855E+02  2.85789E+02  2.84708E+02  2.83368E+02  2.81992E+02  2.80531E+02  2.79074E+02  2.77578E+02  2.75943E+02  2.74138E+02  2.72071E+02
 2.95651E+02  2.95056E+02  2.94302E+02  2.93433E+02  2.92446E+02  2.91383E+02  2.90273E+02  2.89150E+02  2.88028E+02  2.86905E+02  2.85779E+02  2.84649E+02  2.83462E+02  2.82254E+02  2.80829E+02  2.79515E+02  2.78225E+02  2.76731E+02  2.75212E+02  2.72905E+02
 2.95288E+02  2.94692E+02  2.93941E+02  2.93091E+02  2.92143E+02  2.91107E+02  2.90024E+02  2.88933E+02  2.87847E+02  2.86757E+02  2.85655E+02  2.84527E+02  2.83348E+02  2.82128E+02  2.80836E+02  2.79605E+02  2.78382E+02  2.76519E+02  2.74543E+02  2.72395E+02
 2.94905E+02  2.94304E+02  2.93559E+02  2.92724E+02  2.91803E+02  2.90785E+02  2.89711E+02  2.88664E+02  2.87636E+02  2.86606E+02  2.85553E+02  2.84446E+02  2.83243E+02  2.81987E+02  2.80718E+02  2.79508E+02  2.78318E+02  2.76149E+02  2.73910E+02  2.71782E+02
 2.94590E+02  2.93985E+02  2.93246E+02  2.92425E+02  2.91523E+02  2.90511E+02  2.89405E+02  2.88401E+02  2.87435E+02  2.86467E+02  2.85472E+02  2.84402E+02  2.83153E+02  2.81807E+02  2.80471E+02  2.79153E+02  2.77784E+02  2.75610E+02  2.73335E+02  2.71223E+02
 2.94343E+02  2.93735E+02  2.93003E+02  2.92200E+02  2.91325E+02  2.90359E+02  2.89334E+02  2.88329E+02  2.87328E+02  2.86308E+02  2.85251E+02  2.84123E+02  2.82875E+02  2.81534E+02  2.80132E+02  2.78658E+02  2.77032E+02  2.74998E+02  2.72793E+02  2.70719E+02
 2.94151E+02  2.93543E+02  2.92818E+02  2.92028E+02  2.91175E+02  2.90245E+02  2.89266E+02  2.88263E+02  2.87237E+02  2.86175E+02  2.85067E+02  2.83890E+02  2.82622E+02  2.81258E+02  2.79797E+02  2.78221E+02  2.76479E+02  2.74483E+02  2.72324E+02  2.70284E+02
 2.94006E+02  2.93398E+02  2.92675E+02  2.91892E+02  2.91055E+02  2.90148E+02  2.89190E+02  2.88191E+02  2.87150E+02  2.86062E+02  2.84919E+02  2.83707E+02  2.82410E+02  2.81014E+02  2.79506E+02  2.77869E+02  2.76073E+02  2.74079E+02  2.71941E+02  2.69923E+02
 2.93896E+02  2.93288E+02  2.92564E+02  2.91785E+02  2.90956E+02  2.90064E+02  2.89118E+02  2.88120E+02  2.87070E+02  2.85965E+02  2.84798E+02  2.83560E+02  2.82236E+02  2.80811E+02  2.79269E+02  2.77594E+02  2.75765E+02  2.73767E+02  2.71641E+02  2.69640E+02
 2.93817E+02  2.93207E+02  2.92483E+02  2.91703E+02  2.90872E+02  2.89985E+02  2.89042E+02  2.88043E+02  2.86987E+02  2.85871E+02  2.84688E+02  2.83430E+02  2.82084E+02  2.80636E+02  2.79070E+02  2.77372E+02  2.75529E+02  2.73534E+02  2.71419E+02  2.69431E+02
 2.93766E+02  2.93154E+02  2.92428E+02  2.91647E+02  2.90815E+02  2.89928E+02  2.88986E+02  2.87986E+02  2.86926E+02  2.85802E+02  2.84608E+02  2.83336E+02  2.81976E+02  2.80512E+02  2.78932E+02  2.77222E+02  2.75372E+02  2.73381E+02  2.71273E+02  2.69295E+02
 2.93740E+02  2.93128E+02  2.92402E+02  2.91620E+02  2.90786E+02  2.89900E+02  2.88957E+02  2.87956E+02  2.86894E+02  2.85766E+02  2.84567E+02  2.83288E+02  2.81920E+02  2.80449E+02  2.78861E+02  2.77146E+02  2.75294E+02  2.73304E+02  2.71201E+02  2.69229E+02
