SP TS  120  2  ITER 7  DELT 15.5  (NROW,NCOL,NLAY) = (5, 4, 2)   ERROR 5.8196617E-7 %  FORMAT "(*(ES12.5, :, 1x))"     DEC-2019    LAY 1
 8.14596E+01  8.04727E+01  7.93292E+01  7.86125E+01
 7.99623E+01  7.84029E+01  7.44775E+01  7.73965E+01
 7.80124E+01  7.69777E+01  7.61360E+01  7.70397E+01
 7.51432E+01  7.39289E+01  7.43655E+01  7.48919E+01
 7.17724E+01  7.07867E+01  6.99264E+01  6.90844E+01
LAY 2
 8.29086E+01  8.15508E+01  7.90947E+01  8.08792E+01
 8.13721E+01  7.85334E+01  6.86559E+01  7.84701E+01
 7.88910E+01  7.68199E+01  7.65094E+01  7.93076E+01
 7.50253E+01  6.88466E+01  7.53578E+01  7.79186E+01
 7.44636E+01  7.29433E+01  7.47552E+01  7.59924E+01
