         DATE_START   PER   STP           DELT        SIMTIME       STORAGE_IN      STORAGE_OUT           CHD_IN          CHD_OUT     GHB_NORTH_IN    GHB_NORTH_OUT     GHB_SOUTH_IN    GHB_SOUTH_OUT          MNW2_IN         MNW2_OUT     FMP_WELLS_IN    FMP_WELLS_OUT       FMP_FNR_IN      FMP_FNR_OUT         IN_OUT  PERCENT_ERROR
2010-01-01T00:00:00     1     1           15.5           15.5       4710.72582              0.0              0.0              0.0              0.0        933.11148              0.0       2177.61435              0.0              0.0              0.0       2285.71429        685.71429              0.0  1.2823875E-10  2.3763583E-12
2010-01-16T12:00:00     1     2           15.5           31.0       4694.66901              0.0              0.0              0.0              0.0        928.83666              0.0       2165.83235              0.0              0.0              0.0       2285.71429        685.71429              0.0   1.3706085E-9  2.5474180E-11
2010-02-01T00:00:00     2     1           14.0           45.0       4303.73996        0.1639210              0.0              0.0              0.0        725.86694              0.0       1977.70910              0.0              0.0              0.0       2285.71429        685.71429              0.0  6.7302608E-11  1.3488972E-12
2010-02-15T00:00:00     2     2           14.0           59.0       4291.24646              0.0              0.0              0.0              0.0        722.91966              0.0       1968.32680              0.0              0.0              0.0       2285.71429        685.71429              0.0  6.5574568E-10  1.3175625E-11
2010-03-01T00:00:00     3     1           15.5           74.5       4130.67014        0.0569329              0.0              0.0              0.0        642.12968              0.0       1888.48352              0.0              0.0              0.0       2285.71429        685.71429              0.0  2.8558134E-10  5.9293717E-12
2010-03-16T12:00:00     3     2           15.5           90.0       4117.46400              0.0              0.0              0.0              0.0        639.07554              0.0       1878.38845              0.0              0.0              0.0       2285.71429        685.71429              0.0  8.2127372E-10  1.7098547E-11
2010-04-01T00:00:00     4     1           15.0          105.0       4251.61836              0.0              0.0              0.0              0.0        713.57710              0.0       1938.04125              0.0              0.0              0.0       2285.71429        685.71429              0.0  4.6384230E-11  9.3945928E-13
2010-04-16T00:00:00     4     2           15.0          120.0       4238.33290              0.0              0.0              0.0              0.0        710.34042              0.0       1927.99248              0.0              0.0              0.0       2285.71429        685.71429              0.0   1.1377779E-9  2.3106559E-11
2010-05-01T00:00:00     5     1           15.5          135.5       4601.96427              0.0              0.0              0.0              0.0        906.37407              0.0       2095.59020              0.0              0.0              0.0       2285.71429        685.71429              0.0  1.8007995E-10  3.4056524E-12
2010-05-16T12:00:00     5     2           15.5          151.0       4586.83043              0.0              0.0              0.0              0.0        902.35589              0.0       2084.47454              0.0              0.0              0.0       2285.71429        685.71429              0.0   1.0932126E-9  2.0734061E-11
2010-06-01T00:00:00     6     1           15.0          166.0       5094.43390              0.0              0.0              0.0              0.0       1175.55520              0.0       2318.87871              0.0              0.0              0.0       2285.71429        685.71429              0.0  4.0836312E-10  7.0649248E-12
2010-06-16T00:00:00     6     2           15.0          181.0       5077.88957              0.0              0.0              0.0              0.0       1170.76107              0.0       2307.12850              0.0              0.0              0.0       2285.71429        685.71429              0.0   1.8235369E-9  3.1638831E-11
2010-07-01T00:00:00     7     1           15.5          196.5       5578.82721              0.0              0.0              0.0              0.0       1442.68000              0.0       2536.14721              0.0              0.0              0.0       2285.71429        685.71429              0.0  2.3555913E-10  3.7601974E-12
2010-07-16T12:00:00     7     2           15.5          212.0       5559.82113              0.0              0.0              0.0              0.0       1436.80671              0.0       2523.01442              0.0              0.0              0.0       2285.71429        685.71429              0.0  5.8116711E-10  9.3053209E-12
2010-08-01T00:00:00     8     1           15.5          227.5       5909.66216              0.0              0.0              0.0              0.0       1629.93335              0.0       2679.72881              0.0              0.0              0.0       2285.71429        685.71429              0.0  3.4469849E-10  5.2263657E-12
2010-08-16T12:00:00     8     2           15.5          243.0       5889.34559              0.0              0.0              0.0              0.0       1623.41546              0.0       2665.93013              0.0              0.0              0.0       2285.71429        685.71429              0.0  6.9030648E-10  1.0498862E-11
2010-09-01T00:00:00     9     1           15.0          258.0       6011.94083              0.0              0.0              0.0              0.0       1694.40821              0.0       2717.53262              0.0              0.0              0.0       2285.71429        685.71429              0.0  1.7553248E-10  2.6208050E-12
2010-09-16T00:00:00     9     2           15.0          273.0       5991.91551              0.0              0.0              0.0              0.0       1687.90462              0.0       2704.01089              0.0              0.0              0.0       2285.71429        685.71429              0.0   1.1668817E-9  1.7474489E-11
2010-10-01T00:00:00    10     1           15.5          288.5       5829.33005        0.0477093              0.0              0.0              0.0       1604.03185              0.0       2625.25049              0.0              0.0              0.0       2285.71429        685.71429              0.0  1.6825652E-10  2.5825844E-12
2010-10-16T12:00:00    10     2           15.5          304.0       5809.41084              0.0              0.0              0.0              0.0       1597.67964              0.0       2611.73120              0.0              0.0              0.0       2285.71429        685.71429              0.0  7.8853191E-10  1.2140365E-11
2010-11-01T00:00:00    11     1           15.0          319.0       5421.72333        0.1365972              0.0              0.0              0.0       1392.72351              0.0       2428.86322              0.0              0.0              0.0       2285.71429        685.71429              0.0  2.9103830E-10  4.7653095E-12
2010-11-16T00:00:00    11     2           15.0          334.0       5404.00103              0.0              0.0              0.0              0.0       1387.33116              0.0       2416.66987              0.0              0.0              0.0       2285.71429        685.71429              0.0  5.4751581E-10  8.9908277E-12
2010-12-01T00:00:00    12     1           15.5          349.5       4868.40587        0.1929289              0.0              0.0              0.0       1105.13339              0.0       2163.07955              0.0              0.0              0.0       2285.71429        685.71429              0.0  2.3283064E-10  4.1920347E-12
2010-12-16T12:00:00    12     2           15.5          365.0       4852.23404              0.0              0.0              0.0              0.0       1100.55969              0.0       2151.67435              0.0              0.0              0.0       2285.71429        685.71429              0.0   1.3906174E-9  2.5110697E-11
2011-01-01T00:00:00    13     1           15.5          380.5       4314.76041        0.2013648              0.0              0.0              0.0        819.06989              0.0       1895.48916              0.0              0.0              0.0       2285.71429        685.71429              0.0  1.9372237E-10  3.8740796E-12
2011-01-16T12:00:00    13     2           15.5          396.0       4300.67190              0.0              0.0              0.0              0.0        815.43564              0.0       1885.23626              0.0              0.0              0.0       2285.71429        685.71429              0.0  7.8216544E-10  1.5686018E-11
2011-02-01T00:00:00    14     1           14.0          410.0       3911.16363        0.1652489              0.0              0.0              0.0        612.70411              0.0       1698.29427              0.0              0.0              0.0       2285.71429        685.71429              0.0  8.1854523E-11  1.7806547E-12
2011-02-15T00:00:00    14     2           14.0          424.0       3899.77453              0.0              0.0              0.0              0.0        610.00438              0.0       1689.77015              0.0              0.0              0.0       2285.71429        685.71429              0.0  6.2755134E-10  1.3685593E-11
2011-03-01T00:00:00    15     1           15.5          439.5       3740.58690        0.0575039              0.0              0.0              0.0        529.46398              0.0       1611.06542              0.0              0.0              0.0       2285.71429        685.71429              0.0  2.6466296E-10  5.9793256E-12
2011-03-16T12:00:00    15     2           15.5          455.0       3728.61122              0.0              0.0              0.0              0.0        526.67580              0.0       1601.93542              0.0              0.0              0.0       2285.71429        685.71429              0.0  5.8116711E-10  1.3165479E-11
2011-04-01T00:00:00    16     1           15.0          470.0       3863.79487              0.0              0.0              0.0              0.0        601.45798              0.0       1662.33689              0.0              0.0              0.0       2285.71429        685.71429              0.0  4.9385562E-10  1.0855141E-11
2011-04-16T00:00:00    16     2           15.0          485.0       3851.70601              0.0              0.0              0.0              0.0        598.47614              0.0       1653.22987              0.0              0.0              0.0       2285.71429        685.71429              0.0  8.3673513E-10  1.8440767E-11
2011-05-01T00:00:00    17     1           15.5          500.5       4216.22009              0.0              0.0              0.0              0.0        794.82283              0.0       1821.39726              0.0              0.0              0.0       2285.71429        685.71429              0.0  3.0922820E-11  6.3082892E-13
2011-05-16T12:00:00    17     2           15.5          516.0       4202.32751              0.0              0.0              0.0              0.0        791.06921              0.0       1811.25831              0.0              0.0              0.0       2285.71429        685.71429              0.0  6.4301275E-10  1.3154813E-11
2011-06-01T00:00:00    18     1           15.0          531.0       4710.85226              0.0              0.0              0.0              0.0       1064.54366              0.0       2046.30860              0.0              0.0              0.0       2285.71429        685.71429              0.0  2.1009328E-10  3.8930915E-12
2011-06-16T00:00:00    18     2           15.0          546.0       4695.51206              0.0              0.0              0.0              0.0       1060.00991              0.0       2035.50215              0.0              0.0              0.0       2285.71429        685.71429              0.0   1.0031727E-9  1.8642083E-11
2011-07-01T00:00:00    19     1           15.5          561.5       5197.75880              0.0              0.0              0.0              0.0       1332.14043              0.0       2265.61837              0.0              0.0              0.0       2285.71429        685.71429              0.0  2.6193447E-10  4.4520383E-12
2011-07-16T12:00:00    19     2           15.5          577.0       5179.99719              0.0              0.0              0.0              0.0       1326.54120              0.0       2253.45600              0.0              0.0              0.0       2285.71429        685.71429              0.0   1.2923920E-9  2.2032996E-11
2011-08-01T00:00:00    20     1           15.5          592.5       5531.42232              0.0              0.0              0.0              0.0       1519.84375              0.0       2411.57856              0.0              0.0              0.0       2285.71429        685.71429              0.0  1.3642421E-11  2.1943254E-13
2011-08-16T12:00:00    20     2           15.5          608.0       5512.34919              0.0              0.0              0.0              0.0       1513.60228              0.0       2398.74691              0.0              0.0              0.0       2285.71429        685.71429              0.0  5.9208105E-10  9.5526781E-12
2011-09-01T00:00:00    21     1           15.0          623.0       5636.36119              0.0              0.0              0.0              0.0       1584.81055              0.0       2451.55064              0.0              0.0              0.0       2285.71429        685.71429              0.0  3.1923264E-10  5.0494911E-12
2011-09-16T00:00:00    21     2           15.0          638.0       5617.53978              0.0              0.0              0.0              0.0       1578.57203              0.0       2438.96775              0.0              0.0              0.0       2285.71429        685.71429              0.0  7.7488949E-10  1.2293483E-11
2011-10-01T00:00:00    22     1           15.5          653.5       5455.99604        0.0483998              0.0              0.0              0.0       1495.01336              0.0       2360.93428              0.0              0.0              0.0       2285.71429        685.71429              0.0  3.8198777E-11  6.2195668E-13
2011-10-16T12:00:00    22     2           15.5          669.0       5437.32364              0.0              0.0              0.0              0.0       1488.92613              0.0       2348.39750              0.0              0.0              0.0       2285.71429        685.71429              0.0   2.5738700E-9  4.2035833E-11
2011-11-01T00:00:00    23     1           15.0          684.0       5050.55574        0.1380319              0.0              0.0              0.0       1284.27589              0.0       2166.14182              0.0              0.0              0.0       2285.71429        685.71429              0.0  4.6929927E-10  8.1812618E-12
2011-11-16T00:00:00    23     2           15.0          699.0       5034.04130              0.0              0.0              0.0              0.0       1279.12793              0.0       2154.91337              0.0              0.0              0.0       2285.71429        685.71429              0.0   6.4037522E-9  1.1195849E-10
2011-12-01T00:00:00    24     1           15.5          714.5       4499.70990        0.1946225              0.0              0.0              0.0        997.14921              0.0       1902.36607              0.0              0.0              0.0       2285.71429        685.71429              0.0  2.0918378E-11  4.0340727E-13
2011-12-16T12:00:00    24     2           15.5          730.0       4484.78292              0.0              0.0              0.0              0.0        992.81476              0.0       1891.96816              0.0              0.0              0.0       2285.71429        685.71429              0.0   3.7116479E-9  7.1785125E-11
2012-01-01T00:00:00    25     1           15.5          745.5       3948.89818        0.2029221              0.0              0.0              0.0        711.43991              0.0       1637.25535              0.0              0.0              0.0       2285.71429        685.71429              0.0  2.3374014E-10  5.0433589E-12
2012-01-16T12:00:00    25     2           15.5          761.0       3936.04676              0.0              0.0              0.0              0.0        708.03379              0.0       1628.01297              0.0              0.0              0.0       2285.71429        685.71429              0.0   2.9494913E-9  6.3817478E-11
2012-02-01T00:00:00    26     1           14.5          775.5       3547.67466        0.1606427              0.0              0.0              0.0        505.28547              0.0       1442.22854              0.0              0.0              0.0       2285.71429        685.71429              0.0  1.0368240E-10  2.4491583E-12
2012-02-15T12:00:00    26     2           14.5          790.0       3537.03274              0.0              0.0              0.0              0.0        502.69112              0.0       1434.34162              0.0              0.0              0.0       2285.71429        685.71429              0.0   2.3701432E-9  5.6127994E-11
2012-03-01T00:00:00    27     1           15.5          805.5       3379.24787        0.0580303              0.0              0.0              0.0        422.30902              0.0       1356.88081              0.0              0.0              0.0       2285.71429        685.71429              0.0  2.2691893E-10  5.5823134E-12
2012-03-16T12:00:00    27     2           15.5          821.0       3368.49710              0.0              0.0              0.0              0.0        419.73688              0.0       1348.76022              0.0              0.0              0.0       2285.71429        685.71429              0.0   1.8167157E-9  4.4810581E-11
2012-04-01T00:00:00    28     1           15.0          836.0       3504.69247              0.0              0.0              0.0              0.0        494.78933              0.0       1409.90314              0.0              0.0              0.0       2285.71429        685.71429              0.0  2.1555024E-10  5.1438979E-12
2012-04-16T00:00:00    28     2           15.0          851.0       3493.78754              0.0              0.0              0.0              0.0        492.01496              0.0       1401.77258              0.0              0.0              0.0       2285.71429        685.71429              0.0   1.8671926E-9  4.4675004E-11
2012-05-01T00:00:00    29     1           15.5          866.5       3859.13840              0.0              0.0              0.0              0.0        688.72421              0.0       1570.41419              0.0              0.0              0.0       2285.71429        685.71429              0.0  1.1732482E-10  2.5814878E-12
2012-05-16T12:00:00    29     2           15.5          882.0       3846.47047              0.0              0.0              0.0              0.0        685.18549              0.0       1561.28499              0.0              0.0              0.0       2285.71429        685.71429              0.0   2.4083420E-9  5.3138654E-11
2012-06-01T00:00:00    30     1           15.0          897.0       4355.81799              0.0              0.0              0.0              0.0        959.03598              0.0       1796.78201              0.0              0.0              0.0       2285.71429        685.71429              0.0  2.6102498E-10  5.1774930E-12
2012-06-16T00:00:00    30     2           15.0          912.0       4341.66583              0.0              0.0              0.0              0.0        954.71265              0.0       1786.95319              0.0              0.0              0.0       2285.71429        685.71429              0.0   2.7357601E-9  5.4417211E-11
2012-07-01T00:00:00    31     1           15.5          927.5       4845.06255              0.0              0.0              0.0              0.0       1227.17208              0.0       2017.89047              0.0              0.0              0.0       2285.71429        685.71429              0.0  7.8216544E-11  1.4142054E-12
2012-07-16T12:00:00    31     2           15.5          943.0       4828.52957              0.0              0.0              0.0              0.0       1221.79307              0.0       2006.73649              0.0              0.0              0.0       2285.71429        685.71429              0.0   2.9458533E-9  5.3422616E-11
2012-08-01T00:00:00    32     1           15.5          958.5       5181.37507              0.0              0.0              0.0              0.0       1415.35416              0.0       2166.02091              0.0              0.0              0.0       2285.71429        685.71429              0.0  5.9117156E-11  1.0076062E-12
2012-08-16T12:00:00    32     2           15.5          974.0       5163.52844              0.0              0.0              0.0              0.0       1409.33429              0.0       2154.19415              0.0              0.0              0.0       2285.71429        685.71429              0.0   4.1682142E-9  7.1260750E-11
2012-09-01T00:00:00    33     1           15.0          989.0       5288.87174              0.0              0.0              0.0              0.0       1480.76157              0.0       2208.11017              0.0              0.0              0.0       2285.71429        685.71429              0.0  2.7557689E-10  4.6124852E-12
2012-09-16T00:00:00    33     2           15.0         1004.0       5271.23318              0.0              0.0              0.0              0.0       1474.73622              0.0       2196.49696              0.0              0.0              0.0       2285.71429        685.71429              0.0   1.3378667E-9  2.2458931E-11
2012-10-01T00:00:00    34     1           15.5         1019.5       5110.76538        0.0490196              0.0              0.0              0.0       1391.38687              0.0       2119.32949              0.0              0.0              0.0       2285.71429        685.71429              0.0  1.3187673E-10  2.2751176E-12
2012-10-16T12:00:00    34     2           15.5         1035.0       5093.30788              0.0              0.0              0.0              0.0       1385.51488              0.0       2107.79300              0.0              0.0              0.0       2285.71429        685.71429              0.0   3.2441676E-9  5.6136964E-11
2012-11-01T00:00:00    35     1           15.0         1050.0       4707.53171        0.1393275              0.0              0.0              0.0       1181.00810              0.0       1926.38428              0.0              0.0              0.0       2285.71429        685.71429              0.0  2.5193003E-10  4.6712135E-12
2012-11-16T00:00:00    35     2           15.0         1065.0       4692.18287              0.0              0.0              0.0              0.0       1176.06182              0.0       1916.12105              0.0              0.0              0.0       2285.71429        685.71429              0.0   2.2346285E-9  4.1552087E-11
2012-12-01T00:00:00    36     1           15.5         1080.5       4159.13364        0.1961648              0.0              0.0              0.0        894.13154              0.0       1664.80593              0.0              0.0              0.0       2285.71429        685.71429              0.0  1.4915713E-10  3.0786752E-12
2012-12-16T12:00:00    36     2           15.5         1096.0       4145.39640              0.0              0.0              0.0              0.0        889.99809              0.0       1655.39831              0.0              0.0              0.0       2285.71429        685.71429              0.0   1.6616468E-9  3.4394716E-11
2013-01-01T00:00:00    37     1           15.5         1111.5       3611.03690        0.2043542              0.0              0.0              0.0        608.60205              0.0       1402.23049              0.0              0.0              0.0       2285.71429        685.71429              0.0  6.7302608E-11  1.5663604E-12
2013-01-16T12:00:00    37     2           15.5         1127.0       3599.35885              0.0              0.0              0.0              0.0        605.39097              0.0       1393.96788              0.0              0.0              0.0       2285.71429        685.71429              0.0   1.1859811E-9  2.7677033E-11
2013-02-01T00:00:00    38     1           14.0         1141.0       3212.75970        0.1675865              0.0              0.0              0.0        402.71849              0.0       1209.87362              0.0              0.0              0.0       2285.71429        685.71429              0.0  8.1854523E-12  2.0996555E-13
2013-02-15T00:00:00    38     2           14.0         1155.0       3203.52777              0.0              0.0              0.0              0.0        400.39073              0.0       1203.13704              0.0              0.0              0.0       2285.71429        685.71429              0.0   2.4933797E-9  6.4109657E-11
2013-03-01T00:00:00    39     1           15.5         1170.5       3047.04938        0.0585178              0.0              0.0              0.0        320.12014              0.0       1126.87072              0.0              0.0              0.0       2285.71429        685.71429              0.0  1.4324542E-10  3.8375163E-12
2013-03-16T12:00:00    39     2           15.5         1186.0       3037.44662              0.0              0.0              0.0              0.0        317.73676              0.0       1119.70986              0.0              0.0              0.0       2285.71429        685.71429              0.0   3.2237040E-9  8.6585137E-11
2013-04-01T00:00:00    40     1           15.0         1201.0       3174.60091              0.0              0.0              0.0              0.0        393.05061              0.0       1181.55030              0.0              0.0              0.0       2285.71429        685.71429              0.0  4.3701220E-10  1.1320635E-11
2013-04-16T00:00:00    40     2           15.0         1216.0       3164.80371              0.0              0.0              0.0              0.0        390.45815              0.0       1174.34556              0.0              0.0              0.0       2285.71429        685.71429              0.0   2.9090188E-9  7.5548765E-11
2013-05-01T00:00:00    41     1           15.5         1231.5       3530.96118              0.0              0.0              0.0              0.0        587.54895              0.0       1343.41223              0.0              0.0              0.0       2285.71429        685.71429              0.0  1.8462742E-10  4.3785069E-12
2013-05-16T12:00:00    41     2           15.5         1247.0       3519.43860              0.0              0.0              0.0              0.0        584.19859              0.0       1335.24001              0.0              0.0              0.0       2285.71429        685.71429              0.0  8.8766683E-10  2.1109026E-11
2013-06-01T00:00:00    42     1           15.0         1262.0       4029.57068              0.0              0.0              0.0              0.0        858.47008              0.0       1571.10060              0.0              0.0              0.0       2285.71429        685.71429              0.0  2.3919711E-10  5.0728028E-12
2013-06-16T00:00:00    42     2           15.0         1277.0       4016.53012              0.0              0.0              0.0              0.0        854.33046              0.0       1562.19966              0.0              0.0              0.0       2285.71429        685.71429              0.0   1.0995791E-9  2.3384133E-11
2013-07-01T00:00:00    43     1           15.5         1292.5       4520.99195              0.0              0.0              0.0              0.0       1127.17439              0.0       1793.81756              0.0              0.0              0.0       2285.71429        685.71429              0.0  7.3669071E-11  1.4148882E-12
2013-07-16T12:00:00    43     2           15.5         1308.0       4505.60958              0.0              0.0              0.0              0.0       1121.98703              0.0       1783.62255              0.0              0.0              0.0       2285.71429        685.71429              0.0   1.3360477E-9  2.5736166E-11
2013-08-01T00:00:00    44     1           15.5         1323.5       4859.75922              0.0              0.0              0.0              0.0       1315.84735              0.0       1943.91188              0.0              0.0              0.0       2285.71429        685.71429              0.0  4.3291948E-10  7.8067180E-12
2013-08-16T12:00:00    44     2           15.5         1339.0       4843.06146              0.0              0.0              0.0              0.0       1310.02013              0.0       1933.04133              0.0              0.0              0.0       2285.71429        685.71429              0.0   1.9254003E-9  3.4825075E-11
2013-09-01T00:00:00    45     1           15.0         1354.0       4969.63723              0.0              0.0              0.0              0.0       1381.66749              0.0       1987.96973              0.0              0.0              0.0       2285.71429        685.71429              0.0  3.0649971E-10  5.4196404E-12
2013-09-16T00:00:00    45     2           15.0         1369.0       4953.10532              0.0              0.0              0.0              0.0       1375.82813              0.0       1977.27719              0.0              0.0              0.0       2285.71429        685.71429              0.0   2.1627784E-9  3.8355162E-11
2013-10-01T00:00:00    46     1           15.5         1384.5       4793.65359        0.0495844              0.0              0.0              0.0       1292.63383              0.0       1900.97017              0.0              0.0              0.0       2285.71429        685.71429              0.0  2.0008883E-11  3.6516773E-13
2013-10-16T12:00:00    46     2           15.5         1400.0       4777.32929              0.0              0.0              0.0              0.0       1286.95140              0.0       1890.37789              0.0              0.0              0.0       2285.71429        685.71429              0.0   1.7935236E-9  3.2830116E-11
2013-11-01T00:00:00    47     1           15.0         1415.0       4392.48714        0.1405113              0.0              0.0              0.0       1082.50707              0.0       1709.83955              0.0              0.0              0.0       2285.71429        685.71429              0.0  2.3555913E-10  4.6386330E-12
2013-11-16T00:00:00    47     2           15.0         1430.0       4378.22107              0.0              0.0              0.0              0.0       1077.74058              0.0       1700.48049              0.0              0.0              0.0       2285.71429        685.71429              0.0   1.5770638E-9  3.1143048E-11
2013-12-01T00:00:00    48     1           15.5         1445.5       3846.34549        0.1975826              0.0              0.0              0.0        795.77810              0.0       1450.36981              0.0              0.0              0.0       2285.71429        685.71429              0.0  1.8644641E-10  4.1139443E-12
2013-12-16T12:00:00    48     2           15.5         1461.0       3833.70940              0.0              0.0              0.0              0.0        791.82661              0.0       1441.88279              0.0              0.0              0.0       2285.71429        685.71429              0.0   1.1305019E-9  2.5014294E-11
2014-01-01T00:00:00    49     1           15.5         1476.5       3300.71773        0.2056807              0.0              0.0              0.0        510.34959              0.0       1190.16246              0.0              0.0              0.0       2285.71429        685.71429              0.0  9.7315933E-11  2.4411788E-12
2014-01-16T12:00:00    49     2           15.5         1492.0       3290.12237              0.0              0.0              0.0              0.0        507.31738              0.0       1182.80498              0.0              0.0              0.0       2285.71429        685.71429              0.0  4.4246917E-10  1.1128958E-11
2014-02-01T00:00:00    50     1           14.0         1506.0       2904.77638        0.1686350              0.0              0.0        1.5923179        306.18824              0.0       1000.01182              0.0              0.0              0.0       2285.71429        685.71429              0.0  2.1373125E-10  5.9500645E-12
2014-02-15T00:00:00    50     2           14.0         1520.0       2896.50900              0.0              0.0              0.0        2.1556657        304.58371              0.0        994.08095              0.0              0.0              0.0       2285.71429        685.71429              0.0  7.2441253E-10  2.0210266E-11
2014-03-01T00:00:00    51     1           15.5         1535.5       2741.21573        0.0589762              0.0              0.0       23.0092499        245.25776              0.0        918.90824              0.0              0.0              0.0       2285.71429        685.71429              0.0  9.9589670E-11  2.8867079E-12
2014-03-16T12:00:00    51     2           15.5         1551.0       2732.67083              0.0              0.0              0.0       23.5866898        243.62781              0.0        912.62971              0.0              0.0              0.0       2285.71429        685.71429              0.0   1.2073542E-9  3.5077400E-11
2014-04-01T00:00:00    52     1           15.0         1566.0       2870.72832              0.0              0.0              0.0        3.9343486        299.54494              0.0        975.11774              0.0              0.0              0.0       2285.71429        685.71429              0.0  7.2759576E-11  2.0435919E-12
2014-04-16T00:00:00    52     2           15.0         1581.0       2861.95129              0.0              0.0              0.0        4.5640276        297.75220              0.0        968.76312              0.0              0.0              0.0       2285.71429        685.71429              0.0  9.5360519E-10  2.6845258E-11
2014-05-01T00:00:00    53     1           15.5         1596.5       3228.89850              0.0              0.0              0.0              0.0        490.66537              0.0       1138.23313              0.0              0.0              0.0       2285.71429        685.71429              0.0  2.7193892E-10  6.9467641E-12
2014-05-16T12:00:00    53     2           15.5         1612.0       3218.43057              0.0              0.0              0.0              0.0        487.49106              0.0       1130.93951              0.0              0.0              0.0       2285.71429        685.71429              0.0  3.4060577E-10  8.7242092E-12
2014-06-01T00:00:00    54     1           15.0         1627.0       3729.33877              0.0              0.0              0.0              0.0        762.19986              0.0       1367.13891              0.0              0.0              0.0       2285.71429        685.71429              0.0  3.1832315E-11  7.2099506E-13
2014-06-16T00:00:00    54     2           15.0         1642.0       3717.32211              0.0              0.0              0.0              0.0        758.23156              0.0       1359.09055              0.0              0.0              0.0       2285.71429        685.71429              0.0  9.6952135E-10  2.2019381E-11
2014-07-01T00:00:00    55     1           15.5         1657.5       4222.80365              0.0              0.0              0.0              0.0       1031.48303              0.0       1591.32062              0.0              0.0              0.0       2285.71429        685.71429              0.0  3.2741809E-11  6.6704064E-13
2014-07-16T12:00:00    55     2           15.5         1673.0       4208.48158              0.0              0.0              0.0              0.0       1026.47397              0.0       1582.00761              0.0              0.0              0.0       2285.71429        685.71429              0.0   1.1450538E-9  2.3396159E-11
2014-08-01T00:00:00    56     1           15.5         1688.5       4563.85131              0.0              0.0              0.0              0.0       1220.65188              0.0       1743.19943              0.0              0.0              0.0       2285.71429        685.71429              0.0  6.3664629E-12  1.2127600E-13
2014-08-16T12:00:00    56     2           15.5         1704.0       4548.21235              0.0              0.0              0.0              0.0       1215.00376              0.0       1733.20859              0.0              0.0              0.0       2285.71429        685.71429              0.0   1.1114025E-9  2.1234584E-11
2014-09-01T00:00:00    57     1           15.0         1719.0       4675.92924              0.0              0.0              0.0              0.0       1286.87198              0.0       1789.05726              0.0              0.0              0.0       2285.71429        685.71429              0.0  2.9467628E-10  5.4960066E-12
2014-09-16T00:00:00    57     2           15.0         1734.0       4660.41670              0.0              0.0              0.0              0.0       1281.20581              0.0       1779.21088              0.0              0.0              0.0       2285.71429        685.71429              0.0   1.1459633E-9  2.1435377E-11
2014-10-01T00:00:00    58     1           15.5         1749.5       4501.89419        0.0501071              0.0              0.0              0.0       1198.14148              0.0       1703.70260              0.0              0.0              0.0       2285.71429        685.71429              0.0  3.5743142E-10  6.8901001E-12
2014-10-16T12:00:00    58     2           15.5         1765.0       4486.61254              0.0              0.0              0.0              0.0       1192.63682              0.0       1693.97572              0.0              0.0              0.0       2285.71429        685.71429              0.0   1.0986696E-9  2.1241303E-11
2014-11-01T00:00:00    59     1           15.0         1780.0       4102.60571        0.1416061              0.0              0.0              0.0        988.21926              0.0       1514.24484              0.0              0.0              0.0       2285.71429        685.71429              0.0  2.0463631E-10  4.2736556E-12
2014-11-16T00:00:00    59     2           15.0         1795.0       4089.33448              0.0              0.0              0.0              0.0        983.62295              0.0       1505.71154              0.0              0.0              0.0       2285.71429        685.71429              0.0   1.1250449E-9  2.3560910E-11
2014-12-01T00:00:00    60     1           15.5         1810.5       4534.30375       1160.78583              0.0              0.0              0.0        542.49282              0.0       1231.02511              0.0       1523.80952              0.0        761.90476        685.71429              0.0   6.9138587E-6   1.3244894E-7
2014-12-16T12:00:00    60     2           15.5         1826.0       4476.79065       1113.70571              0.0              0.0              0.0        536.86749              0.0       1226.21745              0.0       1523.80952              0.0        761.90476        685.71429              0.0   7.4339969E-6   1.4399980E-7
2015-01-01T00:00:00    61     1           15.5         1841.5       3906.56245       1086.80701              0.0              0.0              0.0        243.96664              0.0        975.78884              0.0       1523.80952              0.0        761.90476        685.71429              0.0   3.6037884E-5   7.8474984E-7
2015-01-16T12:00:00    61     2           15.5         1857.0       3854.96288       1043.56501              0.0              0.0              0.0        239.27462              0.0        972.12328              0.0       1523.80952              0.0        761.90476        685.71429              0.0   3.5619229E-5   7.8444752E-7
2015-02-01T00:00:00    62     1           14.0         1871.0       3438.35976       1019.83626              0.0              0.0       66.1087848       93.7534071              0.0        790.87892              0.0       1523.80952              0.0        761.90476        685.71429              0.0   4.0433975E-5   9.6496923E-7
2015-02-15T00:00:00    62     2           14.0         1885.0       3395.93467        983.68380              0.0              0.0       68.8968245       92.8748013              0.0        788.27293              0.0       1523.80952              0.0        761.90476        685.71429              0.0   3.9178315E-5   9.4393164E-7
2015-03-01T00:00:00    63     1           15.5         1900.5       3206.14859        950.91607              0.0              0.0        133.27142       72.4452520              0.0        716.05873              0.0       1523.80952              0.0        761.90476        685.71429              0.0   3.8924227E-5   9.6702928E-7
2015-03-16T12:00:00    63     2           15.5         1916.0       3162.95458        914.20393              0.0              0.0        136.20936       71.5151787              0.0        713.44488              0.0       1523.80952              0.0        761.90476        685.71429              0.0   3.8427767E-5   9.6433980E-7
2015-04-01T00:00:00    64     1           15.0         1931.0       3267.12485        874.71418              0.0              0.0       77.8257349       90.0509401              0.0        780.18550              0.0       1523.80952              0.0        761.90476        685.71429              0.0   3.8847123E-5   9.6378944E-7
2015-04-16T00:00:00    64     2           15.0         1946.0       3227.48189        841.93160              0.0              0.0       80.8865236       89.0734737              0.0        777.36338              0.0       1523.80952              0.0        761.90476        685.71429              0.0   3.9392116E-5   9.8626191E-7
2015-05-01T00:00:00    65     1           15.5         1961.5       3559.42736        795.83091              0.0              0.0              0.0        211.36913              0.0        952.22735              0.0       1523.80952              0.0        761.90476        685.71429              0.0   3.6649157E-5   8.6331999E-7
2015-05-16T12:00:00    65     2           15.5         1977.0       3519.62186        764.54283              0.0              0.0              0.0        206.50878              0.0        948.57028              0.0       1523.80952              0.0        761.90476        685.71429              0.0   3.7897057E-5   9.0116594E-7
2015-06-01T00:00:00    66     1           15.0         1992.0       3997.31123        717.48032              0.0              0.0              0.0        489.30591              0.0       1190.52502              0.0       1523.80952              0.0        761.90476        685.71429              0.0   2.0822405E-5   4.4463573E-7
2015-06-16T00:00:00    66     2           15.0         2007.0       3959.05107        689.38346              0.0              0.0              0.0        483.68746              0.0       1185.98018              0.0       1523.80952              0.0        761.90476        685.71429              0.0   2.3568528E-5   5.0742129E-7
2015-07-01T00:00:00    67     1           15.5         2022.5       4433.11762        644.86941              0.0              0.0              0.0        764.38401              0.0       1423.86411              0.0       1523.80952              0.0        761.90476        685.71429              0.0   9.0075770E-5   1.7596939E-6
2015-07-16T12:00:00    67     2           15.5         2038.0       4393.75218        617.95251              0.0              0.0              0.0        757.65264              0.0       1418.14697              0.0       1523.80952              0.0        761.90476        685.71429              0.0   6.3088269E-5   1.2420255E-6
2015-08-01T00:00:00    68     1           15.5         2053.5       4721.80117        581.14885              0.0              0.0              0.0        956.37617              0.0       1584.27608              0.0       1523.80952              0.0        761.90476        685.71429              0.0   7.0896325E-5   1.3110702E-6
2015-08-16T12:00:00    68     2           15.5         2069.0       4683.03446        556.18695              0.0              0.0              0.0        948.99423              0.0       1577.85323              0.0       1523.80952              0.0        761.90476        685.71429              0.0   3.6598110E-5   6.8168790E-7
2015-09-01T00:00:00    69     1           15.0         2084.0       4788.15732        528.96321              0.0              0.0              0.0       1021.55604              0.0       1637.63802              0.0       1523.80952              0.0        761.90476        685.71429              0.0   4.0306255E-5   7.3633907E-7
2015-09-16T00:00:00    69     2           15.0         2099.0       4751.97352        506.54232              0.0              0.0              0.0       1014.20622              0.0       1631.22496              0.0       1523.80952              0.0        761.90476        685.71429              0.0   1.8131441E-5   3.3344027E-7
2015-10-01T00:00:00    70     1           15.5         2114.5       4574.11251        488.29872              0.0              0.0              0.0        927.02828              0.0       1558.78550              0.0       1523.80952              0.0        761.90476        685.71429              0.0   1.2222406E-5   2.3237279E-7
2015-10-16T12:00:00    70     2           15.5         2130.0       4539.25822        466.87549              0.0              0.0              0.0        919.78476              0.0       1552.59795              0.0       1523.80952              0.0        761.90476        685.71429              0.0   2.2655329E-5   4.3359710E-7
2015-11-01T00:00:00    71     1           15.0         2145.0       4140.53079        458.05831              0.0              0.0              0.0        707.43587              0.0       1375.03659              0.0       1523.80952              0.0        761.90476        685.71429              0.0   2.5572939E-5   5.2987237E-7
2015-11-16T00:00:00    71     2           15.0         2160.0       4109.92802        438.84099              0.0              0.0              0.0        701.16710              0.0       1369.91989              0.0       1523.80952              0.0        761.90476        685.71429              0.0   3.7411443E-5   7.8011330E-7
2015-12-01T00:00:00    72     1           15.5         2175.5       3567.60575        436.76318              0.0              0.0              0.0        408.34684              0.0       1122.49568              0.0       1523.80952              0.0        761.90476        685.71429              0.0   3.9453385E-5   9.2759034E-7
2015-12-16T12:00:00    72     2           15.5         2191.0       3539.66133        418.44356              0.0              0.0              0.0        402.86325              0.0       1118.35448              0.0       1523.80952              0.0        761.90476        685.71429              0.0   3.8692363E-5   9.1571417E-7
2016-01-01T00:00:00    73     1           15.5         2206.5       2998.49034        419.27254              0.0              0.0       24.3272775        134.34534              0.0        869.19971              0.0       1523.80952              0.0        761.90476        685.71429              0.0   2.2562476E-5   6.0839374E-7
2016-01-16T12:00:00    73     2           15.5         2222.0       2973.99981        402.38159              0.0              0.0       26.7126615        132.19402              0.0        866.13684              0.0       1523.80952              0.0        761.90476        685.71429              0.0   2.1115800E-5   5.7279858E-7
2016-02-01T00:00:00    74     1           14.5         2236.5       2580.77075        401.17954              0.0              0.0        166.55772       60.4098748              0.0        685.73904              0.0       1523.80952              0.0        761.90476        685.71429              0.0   1.2057895E-5   3.5123054E-7
2016-02-15T12:00:00    74     2           14.5         2251.0       2560.31945        386.53571              0.0              0.0        169.25607       59.4748024              0.0        683.56498              0.0       1523.80952              0.0        761.90476        685.71429              0.0   1.2156467E-5   3.5594247E-7
2016-03-01T00:00:00    75     1           15.5         2266.5       2394.79589        377.15356              0.0              0.0        233.37914       38.9820100              0.0        612.03945              0.0       1523.80952              0.0        761.90476        685.71429              0.0   1.3523184E-5   4.0807592E-7
2016-03-16T12:00:00    75     2           15.5         2282.0       2374.66067        362.75806              0.0              0.0        236.09479       38.0293608              0.0        609.96802              0.0       1523.80952              0.0        761.90476        685.71429              0.0   1.3229134E-5   4.0131216E-7
2016-04-01T00:00:00    76     1           15.0         2297.0       2500.06487        343.90892              0.0              0.0        177.53130       56.5798638              0.0        677.10738              0.0       1523.80952              0.0        761.90476        685.71429              0.0   1.0728457E-5   3.1898504E-7
2016-04-16T00:00:00    76     2           15.0         2312.0       2481.00368        330.98534              0.0              0.0        180.36591       55.5813293              0.0        674.80292              0.0       1523.80952              0.0        761.90476        685.71429              0.0   1.0170436E-5   3.0385961E-7
2016-05-01T00:00:00    77     1           15.5         2327.5       2832.88609        304.39282              0.0              0.0       40.8178615        119.40558              0.0        849.90554              0.0       1523.80952              0.0        761.90476        685.71429              0.0   1.4339761E-5   4.0286811E-7
2016-05-16T12:00:00    77     2           15.5         2343.0       2812.67290        291.93841              0.0              0.0       43.2132901        117.16072              0.0        846.78704              0.0       1523.80952              0.0        761.90476        685.71429              0.0   1.3549222E-5   3.8257342E-7
2016-06-01T00:00:00    78     1           15.0         2358.0       3307.98671        262.20249              0.0              0.0              0.0        356.90923              0.0       1088.87497              0.0       1523.80952              0.0        761.90476        685.71429              0.0   2.4047531E-5   6.0213648E-7
2016-06-16T00:00:00    78     2           15.0         2373.0       3287.26018        250.88837              0.0              0.0              0.0        351.50807              0.0       1084.86372              0.0       1523.80952              0.0        761.90476        685.71429              0.0   2.4778481E-5   6.2367583E-7
2016-07-01T00:00:00    79     1           15.5         2388.5       3778.20066        222.87780              0.0              0.0              0.0        632.37745              0.0       1322.94539              0.0       1523.80952              0.0        761.90476        685.71429              0.0   1.8814785E-5   4.2148619E-7
2016-07-16T12:00:00    79     2           15.5         2404.0       3755.56153        211.89333              0.0              0.0              0.0        625.87450              0.0       1317.79369              0.0       1523.80952              0.0        761.90476        685.71429              0.0   1.2012424E-5   2.7047237E-7
2016-08-01T00:00:00    80     1           15.5         2419.5       4099.37057        190.29915              0.0              0.0              0.0        824.79509              0.0       1484.27631              0.0       1523.80952              0.0        761.90476        685.71429              0.0   1.5743409E-5   3.2901002E-7
2016-08-16T12:00:00    80     2           15.5         2435.0       4076.05415        179.98148              0.0              0.0              0.0        817.64727              0.0       1478.42533              0.0       1523.80952              0.0        761.90476        685.71429              0.0   6.6315966E-5   1.3926752E-6
2016-09-01T00:00:00    81     1           15.0         2450.0       4195.46759        166.34339              0.0              0.0              0.0        890.42686              0.0       1538.69732              0.0       1523.80952              0.0        761.90476        685.71429              0.0   2.6358955E-5   5.4001173E-7
2016-09-16T00:00:00    81     2           15.0         2465.0       4173.13401        156.99120              0.0              0.0              0.0        883.31285              0.0       1532.82994              0.0       1523.80952              0.0        761.90476        685.71429              0.0   1.8447729E-5   3.7967288E-7
2016-10-01T00:00:00    82     1           15.5         2480.5       4009.12144        151.72727              0.0              0.0              0.0        796.40728              0.0       1460.98682              0.0       1523.80952              0.0        761.90476        685.71429              0.0   6.4379481E-5   1.3712829E-6
2016-10-16T12:00:00    82     2           15.5         2496.0       3987.49168        142.73326              0.0              0.0              0.0        789.42266              0.0       1455.33564              0.0       1523.80952              0.0        761.90476        685.71429              0.0   1.1785519E-4   2.5219345E-6
2016-11-01T00:00:00    83     1           15.0         2511.0       3601.34730        145.55047              0.0              0.0              0.0        577.41953              0.0       1278.37729              0.0       1523.80952              0.0        761.90476        685.71429              0.0   1.0406477E-5   2.4274150E-7
2016-11-16T00:00:00    83     2           15.0         2526.0       3582.60042        137.43931              0.0              0.0              0.0        571.41756              0.0       1273.74350              0.0       1523.80952              0.0        761.90476        685.71429              0.0   4.8686436E-5   1.1406478E-6
2016-12-01T00:00:00    84     1           15.5         2541.5       3052.47940        146.50687              0.0              0.0              0.0        279.03989              0.0       1026.93262              0.0       1523.80952              0.0        761.90476        685.71429              0.0   1.6579838E-5   4.4352538E-7
2016-12-16T12:00:00    84     2           15.5         2557.0       3035.85994        138.76113              0.0              0.0              0.0        273.84779              0.0       1023.25100              0.0       1523.80952              0.0        761.90476        685.71429              0.0   1.3368652E-5   3.5922036E-7
2017-01-01T00:00:00    85     1           15.5         2572.5       2506.03225        149.89511              0.0              0.0       97.6482757       79.1258990              0.0        774.65951              0.0       1523.80952              0.0        761.90476        685.71429              0.0   2.2338404E-6   6.7910377E-8
2017-01-16T12:00:00    85     2           15.5         2588.0       2492.01869        142.75078              0.0              0.0        100.73263       77.9777341              0.0        772.02280              0.0       1523.80952              0.0        761.90476        685.71429              0.0   2.6487010E-6   8.0790872E-8
2017-02-01T00:00:00    86     1           14.0         2602.0       2115.03011        156.73283              0.0              0.0        260.71360       26.8647403              0.0        592.14613              0.0       1523.80952              0.0        761.90476        685.71429              0.0   6.4500277E-6   2.1068484E-7
2017-02-15T00:00:00    86     2           14.0         2616.0       2103.99142        150.64650              0.0              0.0        263.04509       25.9750455              0.0        590.41496              0.0       1523.80952              0.0        761.90476        685.71429              0.0   6.8426848E-6   2.2414816E-7
2017-03-01T00:00:00    87     1           15.5         2631.5       1958.29857        160.30963              0.0              0.0        326.80601        5.4887775              0.0        519.30616              0.0       1523.80952              0.0        761.90476        685.71429              0.0   9.2678733E-6   3.1196360E-7
2017-03-16T12:00:00    87     2           15.5         2647.0       1946.96319        154.00645              0.0              0.0        329.21985        4.5543167              0.0        517.62226              0.0       1523.80952              0.0        761.90476        685.71429              0.0   9.2381410E-6   3.1189944E-7
2017-04-01T00:00:00    88     1           15.0         2662.0       2069.98249        132.15836              0.0              0.0        270.42543       23.1309717              0.0        585.11858              0.0       1523.80952              0.0        761.90476        685.71429              0.0   6.4261362E-6   2.1235548E-7
2017-04-16T00:00:00    88     2           15.0         2677.0       2058.87948        126.50864              0.0              0.0        272.96579       22.1528644              0.0        583.18376              0.0       1523.80952              0.0        761.90476        685.71429              0.0   6.2150643E-6   2.0596327E-7
2017-05-01T00:00:00    89     1           15.5         2692.5       2413.41996        102.03974              0.0              0.0        118.46934       71.2010371              0.0        758.64852              0.0       1523.80952              0.0        761.90476        685.71429              0.0   1.4272359E-6   4.4357109E-8
2017-05-16T12:00:00    89     2           15.5         2708.0       2401.05430       96.7205443              0.0              0.0        121.59559       70.0164858              0.0        755.91286              0.0       1523.80952              0.0        761.90476        685.71429              0.0   6.2367963E-7   1.9439178E-8
2017-06-01T00:00:00    90     1           15.0         2723.0       2903.33662       73.4842437              0.0              0.0              0.0        231.46380              0.0        998.38857              0.0       1523.80952              0.0        761.90476        685.71429              0.0   6.1962614E-6   1.7264345E-7
2017-06-16T00:00:00    90     2           15.0         2738.0       2889.71482       68.5762670              0.0              0.0        1.5277093        227.91257              0.0        994.75369              0.0       1523.80952              0.0        761.90476        685.71429              0.0   7.5394005E-6   2.1077695E-7
2017-07-01T00:00:00    91     1           15.5         2753.5       3387.43507       46.7924394              0.0              0.0              0.0        507.32757              0.0       1233.31507              0.0       1523.80952              0.0        761.90476        685.71429              0.0   6.2843515E-6   1.5428728E-7
2017-07-16T12:00:00    91     2           15.5         2769.0       3371.65677       41.9370275              0.0              0.0              0.0        501.16077              0.0       1228.55894              0.0       1523.80952              0.0        761.90476        685.71429              0.0   2.5641848E-5   6.3198185E-7
2017-08-01T00:00:00    92     1           15.5         2784.5       3721.93599       26.1386864              0.0              0.0              0.0        700.22158              0.0       1395.57570              0.0       1523.80952              0.0        761.90476        685.71429              0.0   2.4765818E-5   5.6188256E-7
2017-08-16T12:00:00    92     2           15.5         2800.0       3705.03420       21.4983484              0.0              0.0              0.0        693.41320              0.0       1390.12263              0.0       1523.80952              0.0        761.90476        685.71429              0.0   2.0991693E-5   4.7808918E-7
2017-09-01T00:00:00    93     1           15.0         2815.0       3830.41507       13.1140392              0.0              0.0              0.0        766.44406              0.0       1450.85693              0.0       1523.80952              0.0        761.90476        685.71429              0.0   3.5521548E-5   7.8654851E-7
2017-09-16T00:00:00    93     2           15.0         2830.0       3813.89775        8.8660455              0.0              0.0              0.0        759.66243              0.0       1445.36924              0.0       1523.80952              0.0        761.90476        685.71429              0.0   3.1334827E-5   6.9638954E-7
2017-10-01T00:00:00    94     1           15.5         2845.5       3655.73100        8.7234306              0.0              0.0              0.0        673.18547              0.0       1373.82208              0.0       1523.80952              0.0        761.90476        685.71429              0.0   1.9362475E-5   4.4599145E-7
2017-10-16T12:00:00    94     2           15.5         2861.0       3639.71663        4.6198514              0.0              0.0              0.0        666.54959              0.0       1368.54717              0.0       1523.80952              0.0        761.90476        685.71429              0.0   2.2460236E-5   5.1926009E-7
2017-11-01T00:00:00    95     1           15.0         2876.0       3258.96307       12.1101583              0.0              0.0              0.0        455.10652              0.0       1191.74630              0.0       1523.80952              0.0        761.90476        685.71429              0.0   8.1433569E-5   2.0643912E-6
2017-11-16T00:00:00    95     2           15.0         2891.0       3245.30206        8.3993018              0.0              0.0              0.0        449.44664              0.0       1187.45604              0.0       1523.80952              0.0        761.90476        685.71429              0.0   7.2541198E-5   1.8453548E-6
2017-12-01T00:00:00    96     1           15.5         2906.5       2720.50923       21.9979684              0.0              0.0       21.8776606        179.60612              0.0        940.78273              0.0       1523.80952              0.0        761.90476        685.71429              0.0   6.8433368E-5   1.9962470E-6
2017-12-16T12:00:00    96     2           15.5         2922.0       2708.79816       18.4712180              0.0              0.0       23.3448714        176.23809              0.0        937.43368              0.0       1523.80952              0.0        761.90476        685.71429              0.0   4.9169440E-5   1.4386043E-6
2018-01-01T00:00:00    97     1           15.5         2937.5       2183.99824       33.8223736              0.0              0.0        185.16365       46.3329758              0.0        689.00655              0.0       1523.80952              0.0        761.90476        685.71429              0.0   1.1353036E-6   3.7163653E-8
2018-01-16T12:00:00    97     2           15.5         2953.0       2174.57305       30.5941832              0.0              0.0        187.94031       45.2358546              0.0        686.68333              0.0       1523.80952              0.0        761.90476        685.71429              0.0   3.7308791E-7   1.2239503E-8
2018-02-01T00:00:00    98     1           14.0         2967.0       1807.21217       53.5073636              0.0              0.0        353.27952              0.0              0.0        506.98433              0.0       1523.80952              0.0        761.90476        685.71429              0.0   5.3359113E-6   1.8747453E-7
2018-02-15T00:00:00    98     2           14.0         2981.0       1799.63949       50.2908345              0.0              0.0        356.17572              0.0              0.0        505.52436              0.0       1523.80952              0.0        761.90476        685.71429              0.0   5.7187835E-6   2.0125723E-7
2018-03-01T00:00:00    99     1           15.5         2996.5       1657.72433       63.0407038              0.0              0.0        439.98971              0.0              0.0        434.67334              0.0       1523.80952              0.0        761.90476        685.71429              0.0   7.0672336E-6   2.5390392E-7
2018-03-16T12:00:00    99     2           15.5         3012.0       1650.02200       59.7178131              0.0              0.0        442.97679              0.0              0.0        433.28097              0.0       1523.80952              0.0        761.90476        685.71429              0.0   7.2176967E-6   2.5974962E-7
2018-04-01T00:00:00   100     1           15.0         3027.0       1776.42824       40.6580539              0.0              0.0        365.32881              0.0              0.0        501.09899              0.0       1523.80952              0.0        761.90476        685.71429              0.0   5.5345072E-6   1.9574052E-7
2018-04-16T00:00:00   100     2           15.0         3042.0       1768.66854       37.7213782              0.0              0.0        368.49577              0.0              0.0        499.44293              0.0       1523.80952              0.0        761.90476        685.71429              0.0   5.3126746E-6   1.8820061E-7
2018-05-01T00:00:00   101     1           15.5         3057.5       2123.40757       12.8756174              0.0              0.0        203.62707       38.8381260              0.0        675.32090              0.0       1523.80952              0.0        761.90476        685.71429              0.0   2.0253401E-7   6.7225652E-9
2018-05-16T12:00:00   101     2           15.5         3073.0       2114.65568       10.5160345              0.0              0.0        206.44951       37.7158014              0.0        672.87336              0.0       1523.80952              0.0        761.90476        685.71429              0.0   1.8549872E-7   6.1692669E-9
2018-06-01T00:00:00   102     1           15.0         3088.0       2630.20884              0.0              0.0              0.0       35.4041957        149.75838              0.0        915.85465              0.0       1523.80952              0.0        761.90476        685.71429              0.0   1.9628090E-5   5.8568109E-7
2018-06-16T00:00:00   102     2           15.0         3103.0       2622.13413              0.0              0.0              0.0       36.7858516        146.41854              0.0        912.50143              0.0       1523.80952              0.0        761.90476        685.71429              0.0   1.6559312E-5   4.9510084E-7
2018-07-01T00:00:00   103     1           15.5         3118.5       3142.27388              0.0              0.0              0.0              0.0        390.60313              0.0       1151.67065              0.0       1523.80952              0.0        761.90476        685.71429              0.0   9.8231450E-5   2.5661378E-6
2018-07-16T12:00:00   103     2           15.5         3134.0       3132.01770              0.0              0.0              0.0              0.0        384.80890              0.0       1147.20867              0.0       1523.80952              0.0        761.90476        685.71429              0.0   1.2233998E-4   3.2045199E-6
2018-08-01T00:00:00   104     1           15.5         3149.5       3498.81243              0.0              0.0              0.0              0.0        583.97875              0.0       1314.83366              0.0       1523.80952              0.0        761.90476        685.71429              0.0   2.4605425E-5   5.8800975E-7
2018-08-16T12:00:00   104     2           15.5         3165.0       3487.22067              0.0              0.0              0.0              0.0        577.54530              0.0       1309.67534              0.0       1523.80952              0.0        761.90476        685.71429              0.0   2.5337485E-5   6.0718619E-7
2018-09-01T00:00:00   105     1           15.0         3180.0       3621.67650              0.0              0.0              0.0              0.0        650.83311              0.0       1370.84335              0.0       1523.80952              0.0        761.90476        685.71429              0.0   3.4301273E-5   7.9633531E-7
2018-09-16T00:00:00   105     2           15.0         3195.0       3610.05312              0.0              0.0              0.0              0.0        644.41567              0.0       1365.63741              0.0       1523.80952              0.0        761.90476        685.71429              0.0   3.3390379E-5   7.7728555E-7
2018-10-01T00:00:00   106     1           15.5         3210.5       3452.69672        0.0512013              0.0              0.0              0.0        558.42283              0.0       1294.22265              0.0       1523.80952              0.0        761.90476        685.71429              0.0   2.5746891E-5   6.2214437E-7
2018-10-16T12:00:00   106     2           15.5         3226.0       3441.39336              0.0              0.0              0.0              0.0        552.16356              0.0       1289.22978              0.0       1523.80952              0.0        761.90476        685.71429              0.0   2.5531227E-5   6.1862276E-7
2018-11-01T00:00:00   107     1           15.0         3241.0       3053.85328        0.1431989              0.0              0.0              0.0        341.35561              0.0       1112.35446              0.0       1523.80952              0.0        761.90476        685.71429              0.0   1.2789844E-5   3.4201399E-7
2018-11-16T00:00:00   107     2           15.0         3256.0       3044.38464              0.0              0.0              0.0              0.0        336.05895              0.0       1108.32569              0.0       1523.80952              0.0        761.90476        685.71429              0.0   9.5639261E-6   2.5639873E-7
2018-12-01T00:00:00   108     1           15.5         3271.5       2506.81254        0.2004433              0.0              0.0       55.0218564        100.08974              0.0        861.54418              0.0       1523.80952              0.0        761.90476        685.71429              0.0   3.0778441E-5   9.4774379E-7
2018-12-16T12:00:00   108     2           15.5         3287.0       2499.05796              0.0              0.0              0.0       56.3062740       96.9113748              0.0        858.45285              0.0       1523.80952              0.0        761.90476        685.71429              0.0   3.2209232E-6   9.9378129E-8
2019-01-01T00:00:00   109     1           15.5         3302.5       1959.76186        0.2081847              0.0              0.0        265.54072       15.1116397              0.0        609.98269              0.0       1523.80952              0.0        761.90476        685.71429              0.0   6.4664262E-5   2.2213634E-6
2019-01-16T12:00:00   109     2           15.5         3318.0       1953.97270              0.0              0.0              0.0        268.02739       14.0935469              0.0        607.90647              0.0       1523.80952              0.0        761.90476        685.71429              0.0   7.4551474E-5   2.5639202E-6
2019-02-01T00:00:00   110     1           14.0         3332.0       1575.57412       11.3002536              0.0              0.0        463.96963              0.0              0.0        428.24350              0.0       1523.80952              0.0        761.90476        685.71429              0.0   2.9012758E-6   1.0645876E-7
2019-02-15T00:00:00   110     2           14.0         3346.0       1571.00588       10.5410194              0.0              0.0        466.53500              0.0              0.0        426.99986              0.0       1523.80952              0.0        761.90476        685.71429              0.0   4.4568010E-6   1.6365712E-7
2019-03-01T00:00:00   111     1           15.5         3361.5       1426.75366       20.3431217              0.0              0.0        549.90779              0.0              0.0        356.31833              0.0       1523.80952              0.0        761.90476        685.71429              0.0   4.0966520E-6   1.5387204E-7
2019-03-16T12:00:00   111     2           15.5         3377.0       1422.19566       19.5652179              0.0              0.0        552.52998              0.0              0.0        355.16042              0.0       1523.80952              0.0        761.90476        685.71429              0.0   5.1772749E-6   1.9460221E-7
2019-04-01T00:00:00   112     1           15.0         3392.0       1557.15925        8.4904138              0.0              0.0        474.60429              0.0              0.0        423.27312              0.0       1523.80952              0.0        761.90476        685.71429              0.0   4.3392051E-6   1.5967767E-7
2019-04-16T00:00:00   112     2           15.0         3407.0       1552.31814        7.8939232              0.0              0.0        477.41767              0.0              0.0        421.84188              0.0       1523.80952              0.0        761.90476        685.71429              0.0   4.0364775E-6   1.4864856E-7
2019-05-01T00:00:00   113     1           15.5         3422.5       1924.59495              0.0              0.0              0.0        281.79656        8.2447141              0.0        598.14673              0.0       1523.80952              0.0        761.90476        685.71429              0.0   7.6748910E-5   2.6537380E-6
2019-05-16T12:00:00   113     2           15.5         3438.0       1918.80221              0.0              0.0              0.0        284.33640        7.2072090              0.0        595.93133              0.0       1523.80952              0.0        761.90476        685.71429              0.0   6.5165716E-5   2.2557645E-6
2019-06-01T00:00:00   114     1           15.0         3453.0       2445.45648              0.0              0.0              0.0       72.2848915       78.2797512              0.0        839.46162              0.0       1523.80952              0.0        761.90476        685.71429              0.0   1.6182407E-6   5.0515472E-8
2019-06-16T00:00:00   114     2           15.0         3468.0       2437.96650              0.0              0.0              0.0       74.3787376       76.0108874              0.0        836.33433              0.0       1523.80952              0.0        761.90476        685.71429              0.0   1.2646497E-5   3.9544281E-7
2019-07-01T00:00:00   115     1           15.5         3483.5       2958.77132              0.0              0.0              0.0              0.0        282.61555              0.0       1076.15576              0.0       1523.80952              0.0        761.90476        685.71429              0.0   5.3696144E-6   1.4733532E-7
2019-07-16T12:00:00   115     2           15.5         3499.0       2949.12381              0.0              0.0              0.0              0.0        277.19527              0.0       1071.92853              0.0       1523.80952              0.0        761.90476        685.71429              0.0   9.5304717E-6   2.6219797E-7
2019-08-01T00:00:00   116     1           15.5         3514.5       3316.63793              0.0              0.0              0.0              0.0        476.45905              0.0       1240.17885              0.0       1523.80952              0.0        761.90476        685.71429              0.0   2.1030311E-5   5.2544880E-7
2019-08-16T12:00:00   116     2           15.5         3530.0       3305.65660              0.0              0.0              0.0              0.0        470.40149              0.0       1235.25508              0.0       1523.80952              0.0        761.90476        685.71429              0.0   2.4521915E-5   6.1437325E-7
2019-09-01T00:00:00   117     1           15.0         3545.0       3440.76829              0.0              0.0              0.0              0.0        543.93936              0.0       1296.82890              0.0       1523.80952              0.0        761.90476        685.71429              0.0   3.0137712E-5   7.3034871E-7
2019-09-16T00:00:00   117     2           15.0         3560.0       3429.73346              0.0              0.0              0.0              0.0        537.88580              0.0       1291.84763              0.0       1523.80952              0.0        761.90476        685.71429              0.0   3.0941786E-5   7.5184496E-7
2019-10-01T00:00:00   118     1           15.5         3575.5       3272.91402        0.0514961              0.0              0.0              0.0        452.38153              0.0       1220.48097              0.0       1523.80952              0.0        761.90476        685.71429              0.0   2.5438437E-5   6.4260737E-7
2019-10-16T12:00:00   118     2           15.5         3591.0       3262.21120              0.0              0.0              0.0              0.0        446.49606              0.0       1215.71512              0.0       1523.80952              0.0        761.90476        685.71429              0.0   2.4130671E-5   6.1122408E-7
2019-11-01T00:00:00   119     1           15.0         3606.0       2875.12576        0.1438127              0.0              0.0        9.9771088        246.30417              0.0       1038.65487              0.0       1523.80952              0.0        761.90476        685.71429              0.0   1.1341409E-5   3.1761384E-7
2019-11-16T00:00:00   119     2           15.0         3621.0       2866.22755              0.0              0.0              0.0       11.3292428        242.71728              0.0       1034.83951              0.0       1523.80952              0.0        761.90476        685.71429              0.0   8.5868260E-6   2.4098155E-7
2019-12-01T00:00:00   120     1           15.5         3636.5       2329.15153        0.2012020              0.0              0.0        116.30832       57.4243863              0.0        787.83424              0.0       1523.80952              0.0        761.90476        685.71429              0.0   2.4012204E-5   7.6687540E-7
2019-12-16T12:00:00   120     2           15.5         3652.0       2321.97349              0.0              0.0              0.0        119.23825       56.2552305              0.0        784.95649              0.0       1523.80952              0.0        761.90476        685.71429              0.0   1.8197652E-5   5.8196617E-7
