         DATE_START   PER   STP           DELT        SIMTIME       STORAGE_IN      STORAGE_OUT           CHD_IN          CHD_OUT     GHB_NORTH_IN    GHB_NORTH_OUT     GHB_SOUTH_IN    GHB_SOUTH_OUT           SFR_IN          SFR_OUT          MNW2_IN         MNW2_OUT     FMP_WELLS_IN    FMP_WELLS_OUT       FMP_FNR_IN      FMP_FNR_OUT         IN_OUT  PERCENT_ERROR
2010-01-01T00:00:00     1     1           15.5           15.5       2391.47746              0.0              0.0              0.0              0.0        877.79221              0.0       2125.09191        268.54952              0.0              0.0              0.0              0.0              0.0        342.85714              0.0  3.0013325E-11  9.9948329E-13
2010-01-16T12:00:00     1     2           15.5           31.0       2381.53730              0.0              0.0              0.0              0.0        874.64470              0.0       2118.29926        268.54952              0.0              0.0              0.0              0.0              0.0        342.85714              0.0  2.4374458E-10  8.1439741E-12
2010-02-01T00:00:00     2     1           14.0           45.0       1997.12347        0.1655359              0.0              0.0              0.0        673.08384              0.0       1935.28075        268.54952              0.0              0.0              0.0              0.0              0.0        342.85714              0.0  2.7921487E-10  1.0703916E-11
2010-02-15T00:00:00     2     2           14.0           59.0       1990.23319              0.0              0.0              0.0              0.0        671.17034              0.0       1930.46951        268.54952              0.0              0.0              0.0              0.0              0.0        342.85714              0.0  2.7421265E-10  1.0539993E-11
2010-03-01T00:00:00     3     1           15.5           74.5       1836.30083        0.0586727              0.0              0.0              0.0        591.69680              0.0       1855.95202        268.54952              0.0              0.0              0.0              0.0              0.0        342.85714              0.0  5.9571903E-11  2.4337836E-12
2010-03-16T12:00:00     3     2           15.5           90.0       1829.34220              0.0              0.0              0.0              0.0        589.79808              0.0       1850.95077        268.54952              0.0              0.0              0.0              0.0              0.0        342.85714              0.0  3.8198777E-11  1.5650433E-12
2010-04-01T00:00:00     4     1           15.0          105.0       1969.07937              0.0              0.0              0.0              0.0        665.23567              0.0       1915.25035        268.54952              0.0              0.0              0.0              0.0              0.0        342.85714              0.0  1.8872015E-10  7.3133568E-12
2010-04-16T00:00:00     4     2           15.0          120.0       1961.83479              0.0              0.0              0.0              0.0        663.11409              0.0       1910.12735        268.54952              0.0              0.0              0.0              0.0              0.0        342.85714              0.0  8.6401997E-11  3.3577104E-12
2010-05-01T00:00:00     5     1           15.5          135.5       3612.23460              0.0              0.0              0.0              0.0        859.39621              0.0       2079.35760        269.37635              0.0              0.0              0.0              0.0       1285.71429        342.85714              0.0  1.7735147E-10  4.1981964E-12
2010-05-16T12:00:00     5     2           15.5          151.0       3599.89464              0.0              0.0              0.0              0.0        855.90312              0.0       2070.51073        269.37635              0.0              0.0              0.0              0.0       1285.71429        342.85714              0.0  7.0031092E-11  1.6626059E-12
2010-06-01T00:00:00     6     1           15.0          166.0       5071.76725              0.0              0.0              0.0              0.0       1112.37090              0.0       2288.83758        201.53118              0.0              0.0              0.0              0.0       2214.94710        342.85714              0.0  2.2737368E-11  4.0485644E-13
2010-06-16T00:00:00     6     2           15.0          181.0       5055.47815              0.0              0.0              0.0              0.0       1107.61665              0.0       2277.30272        201.53118              0.0              0.0              0.0              0.0       2214.94710        342.85714              0.0  1.6370905E-10  2.9234455E-12
2010-07-01T00:00:00     7     1           15.5          196.5       5555.61982              0.0              0.0              0.0              0.0       1379.36510              0.0       2505.69595        201.53118              0.0              0.0              0.0              0.0       2214.94710        342.85714              0.0  1.1095835E-10  1.8189870E-12
2010-07-16T12:00:00     7     2           15.5          212.0       5536.88917              0.0              0.0              0.0              0.0       1373.53571              0.0       2492.79469        201.53118              0.0              0.0              0.0              0.0       2214.94710        342.85714              0.0  2.9740477E-10  4.8904982E-12
2010-08-01T00:00:00     8     1           15.5          227.5       5886.15717              0.0              0.0              0.0              0.0       1566.58151              0.0       2649.01689        201.53118              0.0              0.0              0.0              0.0       2214.94710        342.85714              0.0  1.1186785E-10  1.7396323E-12
2010-08-16T12:00:00     8     2           15.5          243.0       5866.11491              0.0              0.0              0.0              0.0       1560.10630              0.0       2635.44983        201.53118              0.0              0.0              0.0              0.0       2214.94710        342.85714              0.0  1.4460966E-10  2.2558238E-12
2010-09-01T00:00:00     9     1           15.0          258.0       6058.96561              0.0              0.0              0.0              0.0       1631.16858              0.0       2686.91466        201.97476              0.0              0.0              0.0              0.0       2285.71429        342.85714              0.0  3.6652636E-10  5.5502363E-12
2010-09-16T00:00:00     9     2           15.0          273.0       6039.02796              0.0              0.0              0.0              0.0       1624.67575              0.0       2673.46983        201.97476              0.0              0.0              0.0              0.0       2285.71429        342.85714              0.0  2.6739144E-10  4.0613173E-12
2010-10-01T00:00:00    10     1           15.5          288.5       5876.85665        0.0474558              0.0              0.0              0.0       1540.85807              0.0       2595.06875        201.97476              0.0              0.0              0.0              0.0       2285.71429        342.85714              0.0  2.2009772E-10  3.4274119E-12
2010-10-16T12:00:00    10     2           15.5          304.0       5857.00551              0.0              0.0              0.0              0.0       1534.51874              0.0       2581.60439        201.97476              0.0              0.0              0.0              0.0       2285.71429        342.85714              0.0  7.8216544E-11  1.2217827E-12
2010-11-01T00:00:00    11     1           15.0          319.0       5470.12925        0.1361051              0.0              0.0              0.0       1329.71340              0.0       2399.39736        201.97476              0.0              0.0              0.0              0.0       2285.71429        342.85714              0.0  3.1013769E-10  5.1561047E-12
2010-11-16T00:00:00    11     2           15.0          334.0       5452.44505              0.0              0.0              0.0              0.0       1324.33584              0.0       2387.22682        201.97476              0.0              0.0              0.0              0.0       2285.71429        342.85714              0.0  2.8830982E-10  4.8073454E-12
2010-12-01T00:00:00    12     1           15.5          349.5       4880.81335        0.2076910              0.0              0.0              0.0       1058.48406              0.0       2149.27380        270.00933              0.0              0.0              0.0              0.0       2285.71429        342.85714              0.0  1.6189006E-10  2.9468419E-12
2010-12-16T12:00:00    12     2           15.5          365.0       4864.71808              0.0              0.0              0.0              0.0       1053.96757              0.0       2137.90270        270.00933              0.0              0.0              0.0              0.0       2285.71429        342.85714              0.0  2.6011548E-10  4.7487261E-12
2011-01-01T00:00:00    13     1           15.5          380.5       2769.23596        719.19548              0.0              0.0              0.0        773.94263              0.0       1887.50451        268.54952              0.0              0.0              0.0              0.0              0.0        342.85714              0.0  5.9117156E-11  1.7486958E-12
2011-01-16T12:00:00    13     2           15.5          396.0       2728.79449        686.47925              0.0              0.0              0.0        771.44776              0.0       1882.27414        268.54952              0.0              0.0              0.0              0.0              0.0        342.85714              0.0  2.9558578E-11  8.8493407E-13
2011-02-01T00:00:00    14     1           14.0          410.0       2330.78478        671.17812              0.0              0.0              0.0        570.30972              0.0       1700.70361        268.54952              0.0              0.0              0.0              0.0              0.0        342.85714              0.0  1.7462298E-10  5.9351333E-12
2011-02-15T00:00:00    14     2           14.0          424.0       2297.99724        643.98736              0.0              0.0              0.0        568.65830              0.0       1696.75824        268.54952              0.0              0.0              0.0              0.0              0.0        342.85714              0.0  4.9567461E-11  1.7036982E-12
2011-03-01T00:00:00    15     1           15.5          439.5       2122.11437        620.54821              0.0              0.0              0.0        489.51932              0.0       1623.45350        268.54952              0.0              0.0              0.0              0.0              0.0        342.85714              0.0  2.8558134E-10  1.0447380E-11
2011-03-16T12:00:00    15     2           15.5          455.0       2089.02526        593.12245              0.0              0.0              0.0        487.90259              0.0       1619.40688        268.54952              0.0              0.0              0.0              0.0              0.0        342.85714              0.0  6.4574124E-11  2.3912517E-12
2011-04-01T00:00:00    16     1           15.0          470.0       2199.13435        562.60256              0.0              0.0              0.0        563.56638              0.0       1684.37206        268.54952              0.0              0.0              0.0              0.0              0.0        342.85714              0.0  3.5197445E-10  1.2523370E-11
2011-04-16T00:00:00    16     2           15.0          485.0       2168.72307        538.24381              0.0              0.0              0.0        561.71467              0.0       1680.17124        268.54952              0.0              0.0              0.0              0.0              0.0        342.85714              0.0  2.3783286E-10  8.5547398E-12
2011-05-01T00:00:00    17     1           15.5          500.5       3281.36264              0.0              0.0              0.0              0.0        758.15112              0.0       1849.73072        269.37635              0.0              0.0              0.0              0.0       1285.71429        342.85714              0.0  4.0927262E-12  1.0511430E-13
2011-05-16T12:00:00    17     2           15.5          516.0       3270.23330              0.0              0.0              0.0              0.0        754.94214              0.0       1841.81037        269.37635              0.0              0.0              0.0              0.0       1285.71429        342.85714              0.0  3.8562575E-10  9.9324933E-12
2011-06-01T00:00:00    18     1           15.0          531.0       4742.69886              0.0              0.0              0.0              0.0       1011.63291              0.0       2060.50717        201.53118              0.0              0.0              0.0              0.0       2214.94710        342.85714              0.0  1.1368684E-10  2.1502736E-12
2011-06-16T00:00:00    18     2           15.0          546.0       4727.57334              0.0              0.0              0.0              0.0       1007.16196              0.0       2049.85260        201.53118              0.0              0.0              0.0              0.0       2214.94710        342.85714              0.0  5.9390004E-10  1.1265257E-11
2011-07-01T00:00:00    19     1           15.5          561.5       5228.34276              0.0              0.0              0.0              0.0       1278.93935              0.0       2278.84464        201.53118              0.0              0.0              0.0              0.0       2214.94710        342.85714              0.0  1.4915713E-10  2.5838226E-12
2011-07-16T12:00:00    19     2           15.5          577.0       5210.82240              0.0              0.0              0.0              0.0       1273.40846              0.0       2266.85516        201.53118              0.0              0.0              0.0              0.0       2214.94710        342.85714              0.0  1.6825652E-10  2.9235510E-12
2011-08-01T00:00:00    20     1           15.5          592.5       5561.10456              0.0              0.0              0.0              0.0       1466.52120              0.0       2424.02459        201.53118              0.0              0.0              0.0              0.0       2214.94710        342.85714              0.0  5.9117156E-11  9.6826181E-13
2011-08-16T12:00:00    20     2           15.5          608.0       5542.27641              0.0              0.0              0.0              0.0       1460.34737              0.0       2411.37027        201.53118              0.0              0.0              0.0              0.0       2214.94710        342.85714              0.0  5.0022209E-11  8.2183282E-13
2011-09-01T00:00:00    21     1           15.0          623.0       5736.28424              0.0              0.0              0.0              0.0       1531.60079              0.0       2463.80107        201.97476              0.0              0.0              0.0              0.0       2285.71429        342.85714              0.0  1.7553248E-10  2.7946065E-12
2011-09-16T00:00:00    21     2           15.0          638.0       5717.51956              0.0              0.0              0.0              0.0       1525.39786              0.0       2451.23932        201.97476              0.0              0.0              0.0              0.0       2285.71429        342.85714              0.0  2.5465852E-10  4.0664999E-12
2011-10-01T00:00:00    22     1           15.5          653.5       5556.57257        0.0479418              0.0              0.0              0.0       1441.96833              0.0       2373.67392        201.97476              0.0              0.0              0.0              0.0       2285.71429        342.85714              0.0  4.6384230E-11  7.6022217E-13
2011-10-16T12:00:00    22     2           15.5          669.0       5537.92655              0.0              0.0              0.0              0.0       1435.91966              0.0       2361.12451        201.97476              0.0              0.0              0.0              0.0       2285.71429        342.85714              0.0  3.7289283E-11  6.1303244E-13
2011-11-01T00:00:00    23     1           15.0          684.0       5152.40465        0.1371630              0.0              0.0              0.0       1231.57938              0.0       2179.80573        201.97476              0.0              0.0              0.0              0.0       2285.71429        342.85714              0.0  3.1559466E-10  5.5394341E-12
2011-11-16T00:00:00    23     2           15.0          699.0       5135.87437              0.0              0.0              0.0              0.0       1226.47069              0.0       2168.52130        201.97476              0.0              0.0              0.0              0.0       2285.71429        342.85714              0.0  2.2282620E-10  3.9225088E-12
2011-12-01T00:00:00    24     1           15.5          714.5       4565.69565        0.2090736              0.0              0.0              0.0        960.91038              0.0       1931.72839        270.00933              0.0              0.0              0.0              0.0       2285.71429        342.85714              0.0  2.0463631E-10  3.9516048E-12
2011-12-16T12:00:00    24     2           15.5          730.0       4550.77480              0.0              0.0              0.0              0.0        956.65773              0.0       1921.26926        270.00933              0.0              0.0              0.0              0.0       2285.71429        342.85714              0.0  8.1854523E-11  1.5852093E-12
2012-01-01T00:00:00    25     1           15.5          745.5       2800.34065       1062.27231              0.0              0.0              0.0        676.99038              0.0       1672.48462        268.54952              0.0              0.0              0.0              0.0              0.0        342.85714              0.0  3.0013325E-11  8.7970539E-13
2012-01-16T12:00:00    25     2           15.5          761.0       2749.26478       1017.74103              0.0              0.0              0.0        674.73720              0.0       1668.19322        268.54952              0.0              0.0              0.0              0.0              0.0        342.85714              0.0  2.2055247E-10  6.5627500E-12
2012-02-01T00:00:00    26     1           14.5          775.5       2341.31776        990.96455              0.0              0.0              0.0        473.80345              0.0       1487.95642        268.54952              0.0              0.0              0.0              0.0              0.0        342.85714              0.0  3.1559466E-10  1.0688253E-11
2012-02-15T12:00:00    26     2           14.5          790.0       2298.28987        952.65543              0.0              0.0              0.0        472.30779              0.0       1484.73332        268.54952              0.0              0.0              0.0              0.0              0.0        342.85714              0.0  4.6838977E-11  1.6097547E-12
2012-03-01T00:00:00    27     1           15.5          805.5       2113.44332        918.83406              0.0              0.0              0.0        393.40920              0.0       1412.60672        268.54952              0.0              0.0              0.0              0.0              0.0        342.85714              0.0  2.5283953E-10  9.2790256E-12
2012-03-16T12:00:00    27     2           15.5          821.0       2071.49057        881.39754              0.0              0.0              0.0        392.02219              0.0       1409.47750        268.54952              0.0              0.0              0.0              0.0              0.0        342.85714              0.0  2.1009328E-10  7.8308358E-12
2012-04-01T00:00:00    28     1           15.0          836.0       2173.08754        841.51902              0.0              0.0              0.0        467.90070              0.0       1475.07448        268.54952              0.0              0.0              0.0              0.0              0.0        342.85714              0.0  3.3651304E-11  1.2085248E-12
2012-04-16T00:00:00    28     2           15.0          851.0       2134.82281        808.20285              0.0              0.0              0.0        466.26939              0.0       1471.75723        268.54952              0.0              0.0              0.0              0.0              0.0        342.85714              0.0  8.1854523E-11  2.9806148E-12
2012-05-01T00:00:00    29     1           15.5          866.5       2978.00869              0.0              0.0              0.0              0.0        662.91058              0.0       1641.61732        269.37635              0.0              0.0              0.0              0.0       1285.71429        342.85714              0.0  2.3646862E-11  6.5864254E-13
2012-05-16T12:00:00    29     2           15.5          882.0       2968.00908              0.0              0.0              0.0              0.0        659.93500              0.0       1634.59329        269.37635              0.0              0.0              0.0              0.0       1285.71429        342.85714              0.0  1.9099389E-11  5.3346633E-13
2012-06-01T00:00:00    30     1           15.0          897.0       4441.11456              0.0              0.0              0.0              0.0        916.94449              0.0       1853.61130        201.53118              0.0              0.0              0.0              0.0       2214.94710        342.85714              0.0  5.3569238E-10  1.0745002E-11
2012-06-16T00:00:00    30     2           15.0          912.0       4427.08072              0.0              0.0              0.0              0.0        912.70670              0.0       1843.81525        201.53118              0.0              0.0              0.0              0.0       2214.94710        342.85714              0.0   5.6306817E-9  1.1325992E-10
2012-07-01T00:00:00    31     1           15.5          927.5       4928.48509              0.0              0.0              0.0              0.0       1184.62209              0.0       2073.30423        201.53118              0.0              0.0              0.0              0.0       2214.94710        342.85714              0.0  3.4015102E-10  6.2152181E-12
2012-07-16T12:00:00    31     2           15.5          943.0       4912.09855              0.0              0.0              0.0              0.0       1179.33576              0.0       2062.20402        201.53118              0.0              0.0              0.0              0.0       2214.94710        342.85714              0.0  4.5474735E-12  8.3340685E-14
2012-08-01T00:00:00    32     1           15.5          958.5       5263.35105              0.0              0.0              0.0              0.0       1372.58774              0.0       2220.20454        201.53118              0.0              0.0              0.0              0.0       2214.94710        342.85714              0.0  3.6379788E-11  6.2640187E-13
2012-08-16T12:00:00    32     2           15.5          974.0       5245.65793              0.0              0.0              0.0              0.0       1366.66024              0.0       2208.43891        201.53118              0.0              0.0              0.0              0.0       2214.94710        342.85714              0.0  3.0195224E-10  5.2150230E-12
2012-09-01T00:00:00    33     1           15.0          989.0       5440.75234              0.0              0.0              0.0              0.0       1438.10284              0.0       2261.76712        201.97476              0.0              0.0              0.0              0.0       2285.71429        342.85714              0.0  6.2755134E-11  1.0484379E-12
2012-09-16T00:00:00    33     2           15.0         1004.0       5423.08163              0.0              0.0              0.0              0.0       1432.13760              0.0       2250.06165        201.97476              0.0              0.0              0.0              0.0       2285.71429        342.85714              0.0  4.3382897E-10  7.2693575E-12
2012-10-01T00:00:00    34     1           15.5         1019.5       5263.26475        0.0483933              0.0              0.0              0.0       1348.99470              0.0       2173.33928        201.97476              0.0              0.0              0.0              0.0       2285.71429        342.85714              0.0  4.8203219E-11  8.2993142E-13
2012-10-16T12:00:00    34     2           15.5         1035.0       5245.73723              0.0              0.0              0.0              0.0       1343.18584              0.0       2161.66901        201.97476              0.0              0.0              0.0              0.0       2285.71429        342.85714              0.0  2.8194336E-11  4.8690094E-13
2012-11-01T00:00:00    35     1           15.0         1050.0       4861.43487        0.1381421              0.0              0.0              0.0       1139.15318              0.0       1981.26117        201.97476              0.0              0.0              0.0              0.0       2285.71429        342.85714              0.0  2.3555913E-10  4.3571495E-12
2012-11-16T00:00:00    35     2           15.0         1065.0       4845.97034              0.0              0.0              0.0              0.0       1134.26884              0.0       1970.81912        201.97476              0.0              0.0              0.0              0.0       2285.71429        342.85714              0.0  3.1923264E-10  5.9218021E-12
2012-12-01T00:00:00    36     1           15.5         1080.5       4277.04147        0.2103691              0.0              0.0              0.0        868.83100              0.0       1735.15230        270.00933              0.0              0.0              0.0              0.0       2285.71429        342.85714              0.0  1.3915269E-10  2.8457118E-12
2012-12-16T12:00:00    36     2           15.5         1096.0       4263.20003              0.0              0.0              0.0              0.0        864.80117              0.0       1725.55105        270.00933              0.0              0.0              0.0              0.0       2285.71429        342.85714              0.0  4.3655746E-11  8.9530661E-13
2013-01-01T00:00:00    37     1           15.5         1111.5       2673.34577       1221.13717              0.0              0.0              0.0        585.34526              0.0       1478.27000        268.54952              0.0              0.0              0.0              0.0              0.0        342.85714              0.0  5.7298166E-11  1.7443679E-12
2013-01-16T12:00:00    37     2           15.5         1127.0       2618.67016       1171.93585              0.0              0.0              0.0        583.29655              0.0       1474.84442        268.54952              0.0              0.0              0.0              0.0              0.0        342.85714              0.0  1.3096724E-10  4.0546168E-12
2013-02-01T00:00:00    38     1           14.0         1141.0       2209.76860       1142.56114              0.0              0.0              0.0        382.57245              0.0       1296.04167        268.54952              0.0              0.0              0.0              0.0              0.0        342.85714              0.0  1.9417712E-10  6.8828450E-12
2013-02-15T00:00:00    38     2           14.0         1155.0       2165.12350       1101.51580              0.0              0.0              0.0        381.31384              0.0       1293.70051        268.54952              0.0              0.0              0.0              0.0              0.0        342.85714              0.0  4.1518433E-10  1.4953352E-11
2013-03-01T00:00:00    39     1           15.5         1170.5       1977.27099       1063.43424              0.0              0.0        0.9660605        303.56561              0.0       1222.64386        268.54952              0.0              0.0              0.0              0.0              0.0        342.85714              0.0  1.4279067E-10  5.5139117E-12
2013-03-16T12:00:00    39     2           15.5         1186.0       1932.19608       1021.84055              0.0              0.0        1.2280814        302.63830              0.0       1220.35197        268.54952              0.0              0.0              0.0              0.0              0.0        342.85714              0.0  1.3642421E-12  5.3608359E-14
2013-04-01T00:00:00    40     1           15.0         1201.0       2030.64929        978.02851              0.0              0.0              0.0        377.49479              0.0       1286.53265        268.54952              0.0              0.0              0.0              0.0              0.0        342.85714              0.0  2.5647751E-10  9.7074971E-12
2013-04-16T00:00:00    40     2           15.0         1216.0       1989.63881        940.97063              0.0              0.0              0.0        376.05368              0.0       1284.02116        268.54952              0.0              0.0              0.0              0.0              0.0        342.85714              0.0  1.1732482E-10  4.5106792E-12
2013-05-01T00:00:00    41     1           15.5         1231.5       2700.58262              0.0              0.0              0.0              0.0        572.92584              0.0       1454.17599        269.37635              0.0              0.0              0.0              0.0       1285.71429        342.85714              0.0  2.9103830E-11  8.7852237E-13
2013-05-16T12:00:00    41     2           15.5         1247.0       2691.60677              0.0              0.0              0.0              0.0        570.15258              0.0       1447.97340        269.37635              0.0              0.0              0.0              0.0       1285.71429        342.85714              0.0  5.5933924E-11  1.6929972E-12
2013-06-01T00:00:00    42     1           15.0         1262.0       4165.40934              0.0              0.0              0.0              0.0        827.53194              0.0       1667.31864        201.53118              0.0              0.0              0.0              0.0       2214.94710        342.85714              0.0   5.2068572E-9  1.1055373E-10
2013-06-16T00:00:00    42     2           15.0         1277.0       4152.36736              0.0              0.0              0.0              0.0        823.49622              0.0       1658.31237        201.53118              0.0              0.0              0.0              0.0       2214.94710        342.85714              0.0   4.1072781E-9  8.7449260E-11
2013-07-01T00:00:00    43     1           15.5         1292.5       4654.43550              0.0              0.0              0.0              0.0       1095.61034              0.0       1888.26640        201.53118              0.0              0.0              0.0              0.0       2214.94710        342.85714              0.0  4.6384230E-11  8.9220622E-13
2013-07-16T12:00:00    43     2           15.5         1308.0       4639.07865              0.0              0.0              0.0              0.0       1090.53541              0.0       1877.98447        201.53118              0.0              0.0              0.0              0.0       2214.94710        342.85714              0.0  2.7284841E-11  5.2638208E-13
2013-08-01T00:00:00    44     1           15.5         1323.5       4991.27229              0.0              0.0              0.0              0.0       1283.96640              0.0       2036.74711        201.53118              0.0              0.0              0.0              0.0       2214.94710        342.85714              0.0  1.8007995E-10  3.2530887E-12
2013-08-16T12:00:00    44     2           15.5         1339.0       4974.60922              0.0              0.0              0.0              0.0       1278.25163              0.0       2025.79882        201.53118              0.0              0.0              0.0              0.0       2214.94710        342.85714              0.0  2.2737368E-10  4.1198365E-12
2013-09-01T00:00:00    45     1           15.0         1354.0       5170.71327              0.0              0.0              0.0              0.0       1349.88109              0.0       2079.94980        201.97476              0.0              0.0              0.0              0.0       2285.71429        342.85714              0.0  1.6279955E-10  2.8483644E-12
2013-09-16T00:00:00    45     2           15.0         1369.0       5154.03419              0.0              0.0              0.0              0.0       1344.12126              0.0       2069.03055        201.97476              0.0              0.0              0.0              0.0       2285.71429        342.85714              0.0  1.8917490E-10  3.3195182E-12
2013-10-01T00:00:00    46     1           15.5         1384.5       4995.21744        0.0488179              0.0              0.0              0.0       1261.20499              0.0       1993.08125        201.97476              0.0              0.0              0.0              0.0       2285.71429        342.85714              0.0  2.1827873E-11  3.9400142E-13
2013-10-16T12:00:00    46     2           15.5         1400.0       4978.70274              0.0              0.0              0.0              0.0       1255.60504              0.0       1982.21532        201.97476              0.0              0.0              0.0              0.0       2285.71429        342.85714              0.0  3.2468961E-10  5.8782941E-12
2013-11-01T00:00:00    47     1           15.0         1415.0       4595.44101        0.1390576              0.0              0.0              0.0       1051.78840              0.0       1802.63118        201.97476              0.0              0.0              0.0              0.0       2285.71429        342.85714              0.0  1.6825652E-10  3.2732993E-12
2013-11-16T00:00:00    47     2           15.0         1430.0       4580.93986              0.0              0.0              0.0              0.0       1047.10104              0.0       1792.95645        201.97476              0.0              0.0              0.0              0.0       2285.71429        342.85714              0.0  1.4279067E-10  2.7857399E-12
2013-12-01T00:00:00    48     1           15.5         1445.5       4013.02637        0.2115902              0.0              0.0              0.0        781.69061              0.0       1558.27635        270.00933              0.0              0.0              0.0              0.0       2285.71429        342.85714              0.0  1.2732926E-10  2.7525337E-12
2013-12-16T12:00:00    48     2           15.5         1461.0       4000.15997              0.0              0.0              0.0              0.0        777.85883              0.0       1549.45333        270.00933              0.0              0.0              0.0              0.0       2285.71429        342.85714              0.0  1.4551915E-11  3.1545267E-13
2014-01-01T00:00:00    49     1           15.5         1476.5       2497.02308       1306.40446              0.0              0.0              0.0        498.53217              0.0       1303.49311        268.54952              0.0              0.0              0.0              0.0              0.0        342.85714              0.0  1.5916157E-11  5.1203207E-13
2014-01-16T12:00:00    49     2           15.5         1492.0       2441.22381       1255.11933              0.0              0.0              0.0        496.66584              0.0       1300.84531        268.54952              0.0              0.0              0.0              0.0              0.0        342.85714              0.0  4.6384230E-11  1.5194839E-12
2014-02-01T00:00:00    50     1           14.0         1506.0       2031.92270       1224.08137              0.0              0.0        1.6570684        297.70263              0.0       1123.20244        268.54952              0.0              0.0              0.0              0.0              0.0        342.85714              0.0  3.6015990E-10  1.3616701E-11
2014-02-15T00:00:00    50     2           14.0         1520.0       1986.35573       1181.26225              0.0              0.0        1.9081259        296.85800              0.0       1121.55026        268.54952              0.0              0.0              0.0              0.0              0.0        342.85714              0.0  1.4915713E-10  5.7375398E-12
2014-03-01T00:00:00    51     1           15.5         1535.5       1797.76560       1141.34003              0.0              0.0       22.2989610        238.68743              0.0       1051.44376        268.54952              0.0              0.0              0.0              0.0              0.0        342.85714              0.0  8.1399776E-11  3.3477582E-12
2014-03-16T12:00:00    51     2           15.5         1551.0       1751.78532       1097.90996              0.0              0.0       22.5278156        237.90594              0.0       1049.90389        268.54952              0.0              0.0              0.0              0.0              0.0        342.85714              0.0  1.4460966E-10  6.0614687E-12
2014-04-01T00:00:00    52     1           15.0         1566.0       1849.19792       1052.32204              0.0              0.0        2.6587410        294.32105              0.0       1116.62023        268.54952              0.0              0.0              0.0              0.0              0.0        342.85714              0.0  1.4233592E-10  5.7783478E-12
2014-04-16T00:00:00    52     2           15.0         1581.0       1807.42045       1013.60120              0.0              0.0        2.9523842        293.34615              0.0       1114.83215        268.54952              0.0              0.0              0.0              0.0              0.0        342.85714              0.0  1.5688784E-10  6.4782048E-12
2014-05-01T00:00:00    53     1           15.5         1596.5       2446.27189              0.0              0.0              0.0              0.0        487.50866              0.0       1285.28244        269.37635              0.0              0.0              0.0              0.0       1285.71429        342.85714              0.0  1.5415935E-10  5.0403492E-12
2014-05-16T12:00:00    53     2           15.5         1612.0       2438.21996              0.0              0.0              0.0              0.0        484.91944              0.0       1279.81972        269.37635              0.0              0.0              0.0              0.0       1285.71429        342.85714              0.0  5.0931703E-11  1.6696437E-12
2014-06-01T00:00:00    54     1           15.0         1627.0       3912.76340              0.0              0.0              0.0              0.0        742.69226              0.0       1499.51237        201.53118              0.0              0.0              0.0              0.0       2214.94710        342.85714              0.0   3.4960976E-9  7.8437932E-11
2014-06-16T00:00:00    54     2           15.0         1642.0       3900.61816              0.0              0.0              0.0              0.0        738.84034              0.0       1491.21904        201.53118              0.0              0.0              0.0              0.0       2214.94710        342.85714              0.0   2.9403964E-9  6.6150553E-11
2014-07-01T00:00:00    55     1           15.5         1657.5       4403.37215              0.0              0.0              0.0              0.0       1011.18432              0.0       1721.62906        201.53118              0.0              0.0              0.0              0.0       2214.94710        342.85714              0.0  6.6393113E-11  1.3418821E-12
2014-07-16T12:00:00    55     2           15.5         1673.0       4388.94562              0.0              0.0              0.0              0.0       1006.30113              0.0       1712.08572        201.53118              0.0              0.0              0.0              0.0       2214.94710        342.85714              0.0  6.2664185E-10  1.2702198E-11
2014-08-01T00:00:00    56     1           15.5         1688.5       4742.05170              0.0              0.0              0.0              0.0       1199.93183              0.0       1871.56110        201.53118              0.0              0.0              0.0              0.0       2214.94710        342.85714              0.0  6.2755134E-11  1.1870963E-12
2014-08-16T12:00:00    56     2           15.5         1704.0       4726.31894              0.0              0.0              0.0              0.0       1194.40993              0.0       1861.35023        201.53118              0.0              0.0              0.0              0.0       2214.94710        342.85714              0.0  2.2555469E-10  4.2794008E-12
2014-09-01T00:00:00    57     1           15.0         1719.0       4923.35916              0.0              0.0              0.0              0.0       1266.22349              0.0       1916.25329        201.97476              0.0              0.0              0.0              0.0       2285.71429        342.85714              0.0  4.0836312E-10  7.4679746E-12
2014-09-16T00:00:00    57     2           15.0         1734.0       4907.57562              0.0              0.0              0.0              0.0       1260.65040              0.0       1906.04285        201.97476              0.0              0.0              0.0              0.0       2285.71429        342.85714              0.0  1.1368684E-10  2.0850759E-12
2014-10-01T00:00:00    58     1           15.5         1749.5       4749.63717        0.0492191              0.0              0.0              0.0       1177.92635              0.0       1830.77922        201.97476              0.0              0.0              0.0              0.0       2285.71429        342.85714              0.0  2.4556357E-11  4.6381151E-13
2014-10-16T12:00:00    58     2           15.5         1765.0       4734.03668              0.0              0.0              0.0              0.0       1172.51711              0.0       1820.63719        201.97476              0.0              0.0              0.0              0.0       2285.71429        342.85714              0.0  8.1854523E-12  1.5506073E-13
2014-11-01T00:00:00    59     1           15.0         1780.0       4351.65282        0.1399168              0.0              0.0              0.0        968.86565              0.0       1641.76487        201.97476              0.0              0.0              0.0              0.0       2285.71429        342.85714              0.0  1.7007551E-10  3.4734206E-12
2014-11-16T00:00:00    59     2           15.0         1795.0       4338.02134              0.0              0.0              0.0              0.0        964.35951              0.0       1632.77945        201.97476              0.0              0.0              0.0              0.0       2285.71429        342.85714              0.0  2.2737368E-10  4.6565740E-12
2014-12-01T00:00:00    60     1           15.5         1810.5       4134.35846        553.31015              0.0              0.0              0.0        536.18766              0.0       1372.01282        270.00933              0.0              0.0       1523.80952              0.0        761.90476        342.85714              0.0   1.3584366E-5   2.8615382E-7
2014-12-16T12:00:00    60     2           15.5         1826.0       4097.47961        527.23768              0.0              0.0              0.0        530.69992              0.0       1366.69420        270.00933              0.0              0.0       1523.80952              0.0        761.90476        342.85714              0.0   8.5826532E-6   1.8220855E-7
2015-01-01T00:00:00    61     1           15.5         1841.5       2222.05366       1260.95222              0.0              0.0              0.0        419.49416              0.0       1153.01389        268.54952              0.0       16.4915486       16.4915486              0.0              0.0        342.85714              0.0   4.4306895E-5   1.5546542E-6
2015-01-16T12:00:00    61     2           15.5         1857.0       2169.92575       1212.46746              0.0              0.0              0.0        417.79752              0.0       1151.06737        268.54952              0.0       16.4860332       16.4860332              0.0              0.0        342.85714              0.0   6.4192416E-5   2.2943739E-6
2015-02-01T00:00:00    62     1           14.0         1871.0       1760.21938       1183.97443              0.0              0.0       21.9290213        235.76921              0.0        973.81140        268.54952              0.0        9.2510698        9.2510698              0.0              0.0        342.85714              0.0   2.5747742E-5   1.0715697E-6
2015-02-15T00:00:00    62     2           14.0         1885.0       1717.77290       1143.51351              0.0              0.0       22.1497394        235.04619              0.0        972.76956        268.54952              0.0        9.2689617        9.2689617              0.0              0.0        342.85714              0.0   2.8425481E-5   1.2041643E-6
2015-03-01T00:00:00    63     1           15.5         1900.5       1531.01126       1106.09659              0.0              0.0       42.6202270        175.71177              0.0        903.22976        268.54952              0.0        6.3901565        6.3901565              0.0              0.0        342.85714              0.0   1.7977813E-5   8.2036965E-7
2015-03-16T12:00:00    63     2           15.5         1916.0       1488.22970       1065.02439              0.0              0.0       42.8149769        175.07197              0.0        902.35496        268.54952              0.0        6.4137348        6.4137348              0.0              0.0        342.85714              0.0   1.8155040E-5   8.4486647E-7
2015-04-01T00:00:00    64     1           15.0         1931.0       1590.11933       1021.58659              0.0              0.0       22.8000247        232.91999              0.0        969.81941        268.54952              0.0        9.3281023        9.3281023              0.0              0.0        342.85714              0.0   2.7926876E-5   1.2502776E-6
2015-04-16T00:00:00    64     2           15.0         1946.0       1551.20747        984.93738              0.0              0.0       23.0615423        232.06971              0.0        968.66856        268.54952              0.0        9.3304376        9.3304376              0.0              0.0        342.85714              0.0   2.6497288E-5   1.2071624E-6
2015-05-01T00:00:00    65     1           15.5         1961.5       2577.54167        517.60062              0.0              0.0              0.0        271.25906              0.0       1115.20122        269.37635              0.0              0.0        857.14286              0.0        428.57143        342.85714              0.0   1.8438824E-5   5.7806031E-7
2015-05-16T12:00:00    65     2           15.5         1977.0       2548.99645        496.45706              0.0              0.0              0.0        267.21164              0.0       1111.84690        269.37635              0.0              0.0        857.14286              0.0        428.57143        342.85714              0.0   5.3457261E-5   1.6910273E-6
2015-06-01T00:00:00    66     1           15.0         1992.0       3652.55322        156.38953              0.0              0.0              0.0        495.27852              0.0       1330.32641        201.53118              0.0              0.0       1476.63140              0.0        738.31570        342.85714              0.0   1.5421032E-5   3.6743500E-7
2015-06-16T00:00:00    66     2           15.0         2007.0       3632.82440        147.07411              0.0              0.0              0.0        489.89453              0.0       1325.29701        201.53118              0.0              0.0       1476.63140              0.0        738.31570        342.85714              0.0   2.2409723E-5   5.3647550E-7
2015-07-01T00:00:00    67     1           15.5         2022.5       4123.39538        121.74062              0.0              0.0              0.0        769.67783              0.0       1561.41818        201.53118              0.0              0.0       1476.63140              0.0        738.31570        342.85714              0.0   2.1517319E-5   4.6097506E-7
2015-07-16T12:00:00    67     2           15.5         2038.0       4101.69207        112.71217              0.0              0.0              0.0        763.20017              0.0       1555.22099        201.53118              0.0              0.0       1476.63140              0.0        738.31570        342.85714              0.0   4.7237357E-5   1.0167141E-6
2015-08-01T00:00:00    68     1           15.5         2053.5       4445.16763       93.5741828              0.0              0.0              0.0        961.39712              0.0       1719.63754        201.53118              0.0              0.0       1476.63140              0.0        738.31570        342.85714              0.0   6.2732624E-6   1.2572787E-7
2015-08-16T12:00:00    68     2           15.5         2069.0       4422.67803       85.1075185              0.0              0.0              0.0        954.26733              0.0       1712.74440        201.53118              0.0              0.0       1476.63140              0.0        738.31570        342.85714              0.0   4.3381579E-6   8.7338432E-8
2015-09-01T00:00:00    69     1           15.0         2084.0       4589.81920       50.6376231              0.0              0.0              0.0       1026.77341              0.0       1771.52579        201.97476              0.0              0.0       1523.80952              0.0        761.90476        342.85714              0.0   6.0750690E-6   1.1831513E-7
2015-09-16T00:00:00    69     2           15.0         2099.0       4568.76610       43.7250797              0.0              0.0              0.0       1019.56447              0.0       1764.59417        201.97476              0.0              0.0       1523.80952              0.0        761.90476        342.85714              0.0   2.0032821E-6   3.9175589E-8
2015-10-01T00:00:00    70     1           15.5         2114.5       4406.52306       40.6781793              0.0              0.0              0.0        932.80547              0.0       1692.15707        201.97476              0.0              0.0       1523.80952              0.0        761.90476        342.85714              0.0   4.4338213E-5   8.9547636E-7
2015-10-16T12:00:00    70     2           15.5         2130.0       4386.05683       34.0666716              0.0              0.0              0.0        925.69403              0.0       1685.41380        201.97476              0.0              0.0       1523.80952              0.0        761.90476        342.85714              0.0   4.8408051E-5   9.8173075E-7
2015-11-01T00:00:00    71     1           15.0         2145.0       4002.07808       38.5884785              0.0              0.0              0.0        714.19922              0.0       1508.40808        201.97476              0.0              0.0       1523.80952              0.0        761.90476        342.85714              0.0   7.5314761E-5   1.6563943E-6
2015-11-16T00:00:00    71     2           15.0         2160.0       3984.31863       32.6680730              0.0              0.0              0.0        708.04157              0.0       1502.72669        201.97476              0.0              0.0       1523.80952              0.0        761.90476        342.85714              0.0   7.7692219E-5   1.7153817E-6
2015-12-01T00:00:00    72     1           15.5         2175.5       3418.84986       45.6030745              0.0              0.0              0.0        430.63226              0.0       1269.76676        270.00933              0.0              0.0       1523.80952              0.0        761.90476        342.85714              0.0   4.5068021E-5   1.1178371E-6
2015-12-16T12:00:00    72     2           15.5         2191.0       3403.18171       39.9915418              0.0              0.0              0.0        425.28419              0.0       1265.05821        270.00933              0.0              0.0       1523.80952              0.0        761.90476        342.85714              0.0   4.3270159E-5   1.0774313E-6
2016-01-01T00:00:00    73     1           15.5         2206.5       1937.58456       1205.23305              0.0              0.0              0.0        295.07848              0.0       1048.67967        268.54952              0.0       12.0361494       12.0361494              0.0              0.0        342.85714              0.0   2.3759736E-5   9.2774239E-7
2016-01-16T12:00:00    73     2           15.5         2222.0       1886.21407       1156.18964              0.0              0.0              0.0        294.05821              0.0       1047.37276        268.54952              0.0       11.1805425       11.1805425              0.0              0.0        342.85714              0.0   1.1967989E-4   4.7704016E-6
2016-02-01T00:00:00    74     1           14.5         2236.5       1496.78674       1146.73426              0.0              0.0       43.0353988        133.55064              0.0        870.94394        268.54952              0.0       17.8065165       17.8065165              0.0              0.0        342.85714              0.0   4.5504697E-5   2.0979233E-6
2016-02-15T12:00:00    74     2           14.5         2251.0       1453.46906       1104.28980              0.0              0.0       43.2075607        133.36275              0.0        870.43078        268.54952              0.0       17.0378064       17.0378064              0.0              0.0        342.85714              0.0   5.7258765E-5   2.6943766E-6
2016-03-01T00:00:00    75     1           15.5         2266.5       1275.79806       1074.66912              0.0              0.0       76.3095898       87.2563298              0.0        801.58894        268.54952              0.0       19.2079033       19.2079033              0.0              0.0        342.85714              0.0   8.8208734E-5   4.4488699E-6
2016-03-16T12:00:00    75     2           15.5         2282.0       1233.66701       1033.01823              0.0              0.0       76.5278577       87.2832376              0.0        801.30015        268.54952              0.0       18.4426363       18.4426363              0.0              0.0        342.85714              0.0   9.2851012E-5   4.7860256E-6
2016-04-01T00:00:00    76     1           15.0         2297.0       1327.83963        980.73830              0.0              0.0       43.6832244        132.95962              0.0        869.23164        268.54952              0.0       14.7785346       14.7785346              0.0              0.0        342.85714              0.0   5.0220661E-5   2.5139139E-6
2016-04-16T00:00:00    76     2           15.0         2312.0       1289.71009        943.72051              0.0              0.0       43.8901488        132.65127              0.0        868.63515        268.54952              0.0       14.1125132       14.1125132              0.0              0.0        342.85714              0.0   3.9794892E-5   2.0312642E-6
2016-05-01T00:00:00    77     1           15.5         2327.5       2016.92118        174.12637              0.0              0.0        2.0653607        155.38766              0.0       1015.99163        269.37635              0.0              0.0        857.14286              0.0        428.57143        342.85714              0.0   9.2790323E-5   3.5265133E-6
2016-05-16T12:00:00    77     2           15.5         2343.0       2002.91633        166.38194              0.0              0.0        2.6699178        152.51647              0.0       1013.20694        269.37635              0.0              0.0        857.14286              0.0        428.57143        342.85714              0.0   1.0278718E-4   3.9264425E-6
2016-06-01T00:00:00    78     1           15.0         2358.0       3297.08322              0.0              0.0              0.0              0.0        391.98737              0.0       1234.53715        201.53118              0.0              0.0       1476.63140              0.0        738.31570        342.85714              0.0   7.4148230E-5   1.9302038E-6
2016-06-16T00:00:00    78     2           15.0         2373.0       3287.35247              0.0              0.0              0.0              0.0        386.78773              0.0       1230.00605        201.53118              0.0              0.0       1476.63140              0.0        738.31570        342.85714              0.0   7.8910708E-5   2.0593958E-6
2016-07-01T00:00:00    79     1           15.5         2388.5       3803.54998              0.0              0.0              0.0              0.0        666.69808              0.0       1466.29321        201.53118              0.0              0.0       1476.63140              0.0        738.31570        342.85714              0.0   8.0921984E-5   1.8611576E-6
2016-07-16T12:00:00    79     2           15.5         2404.0       3791.59025              0.0              0.0              0.0              0.0        660.41160              0.0       1460.61996        201.53118              0.0              0.0       1476.63140              0.0        738.31570        342.85714              0.0   8.1007442E-5   1.8682620E-6
2016-08-01T00:00:00    80     1           15.5         2419.5       4154.68376              0.0              0.0              0.0              0.0        858.75894              0.0       1625.36612        201.53118              0.0              0.0       1476.63140              0.0        738.31570        342.85714              0.0   7.3993801E-5   1.5746471E-6
2016-08-16T12:00:00    80     2           15.5         2435.0       4141.38339              0.0              0.0              0.0              0.0        851.82406              0.0       1619.00064        201.53118              0.0              0.0       1476.63140              0.0        738.31570        342.85714              0.0   7.7313177E-5   1.6499561E-6
2016-09-01T00:00:00    81     1           15.0         2450.0       4343.62186              0.0              0.0              0.0              0.0        924.50414              0.0       1678.23541        201.97476              0.0              0.0       1523.80952              0.0        761.90476        342.85714              0.0   7.2844701E-5   1.4901379E-6
2016-09-16T00:00:00    81     2           15.0         2465.0       4330.18018              0.0              0.0              0.0              0.0        917.49017              0.0       1671.80770        201.97476              0.0              0.0       1523.80952              0.0        761.90476        342.85714              0.0   7.5984340E-5   1.5586492E-6
2016-10-01T00:00:00    82     1           15.5         2480.5       4171.81299        0.0496923              0.0              0.0              0.0        830.95962              0.0       1599.92139        201.97476              0.0              0.0       1523.80952              0.0        761.90476        342.85714              0.0   8.5390520E-5   1.8104081E-6
2016-10-16T12:00:00    82     2           15.5         2496.0       4158.61852              0.0              0.0              0.0              0.0        824.05963              0.0       1593.67660        201.97476              0.0              0.0       1523.80952              0.0        761.90476        342.85714              0.0   8.7864170E-5   1.8680790E-6
2016-11-01T00:00:00    83     1           15.0         2511.0       3771.12390        0.1401723              0.0              0.0              0.0        612.85261              0.0       1417.24881        201.97476              0.0              0.0       1523.80952              0.0        761.90476        342.85714              0.0   6.6588002E-5   1.5428333E-6
2016-11-16T00:00:00    83     2           15.0         2526.0       3759.81340              0.0              0.0              0.0              0.0        606.91015              0.0       1412.02094        201.97476              0.0              0.0       1523.80952              0.0        761.90476        342.85714              0.0   6.4759338E-5   1.5044059E-6
2016-12-01T00:00:00    84     1           15.5         2541.5       3182.35690        0.2125945              0.0              0.0              0.0        329.71152              0.0       1179.58503        270.00933              0.0              0.0       1523.80952              0.0        761.90476        342.85714              0.0   4.2560836E-5   1.1214316E-6
2016-12-16T12:00:00    84     2           15.5         2557.0       3172.75732              0.0              0.0              0.0              0.0        324.59600              0.0       1175.31355        270.00933              0.0              0.0       1523.80952              0.0        761.90476        342.85714              0.0   4.2313168E-5   1.1177330E-6
2017-01-01T00:00:00    85     1           15.5         2572.5       1736.22262       1207.17276              0.0              0.0       10.2906733        193.54959              0.0        957.19751        268.54952              0.0       27.3452842       27.3452842              0.0              0.0        342.85714              0.0   8.1260736E-5   3.4067800E-6
2017-01-16T12:00:00    85     2           15.5         2588.0       1686.20752       1158.56479              0.0              0.0       10.5896058        193.30511              0.0        956.33401        268.54952              0.0       26.1290036       26.1290036              0.0              0.0        342.85714              0.0   1.1944589E-4   5.1169178E-6
2017-02-01T00:00:00    86     1           14.0         2602.0       1299.88156       1151.27229              0.0              0.0       92.1895202       71.8120705              0.0        780.39351        268.54952              0.0       32.5795670       32.5795670              0.0              0.0        342.85714              0.0   1.3591585E-4   6.6754431E-6
2017-02-15T00:00:00    86     2           14.0         2616.0       1259.11497       1110.52734              0.0              0.0       92.0020767       71.7100382              0.0        780.28648        268.54952              0.0       31.5278621       31.5278621              0.0              0.0        342.85714              0.0   1.5561711E-4   7.8040664E-6
2017-03-01T00:00:00    87     1           15.5         2631.5       1092.49294       1091.03133              0.0              0.0        151.68036       52.6573958              0.0        711.89137        268.54952              0.0       33.4093763       33.4093763              0.0              0.0        342.85714              0.0   1.2822584E-4   6.7880658E-6
2017-03-16T12:00:00    87     2           15.5         2647.0       1054.57059       1052.71140              0.0              0.0        151.33894       52.5907502              0.0        712.01418        268.54952              0.0       32.3237732       32.3237732              0.0              0.0        342.85714              0.0   1.3423105E-4   7.2571445E-6
2017-04-01T00:00:00    88     1           15.0         2662.0       1141.80212        992.68557              0.0              0.0       91.2227210       71.4302675              0.0        780.31582        268.54952              0.0       28.3190468       28.3190468              0.0              0.0        342.85714              0.0   1.6034161E-4   8.5618237E-6
2017-04-16T00:00:00    88     2           15.0         2677.0       1107.41465        958.57759              0.0              0.0       91.1462987       71.2794943              0.0        780.11067        268.54952              0.0       27.3638123       27.3638123              0.0              0.0        342.85714              0.0   1.5138249E-4   8.2392584E-6
2017-05-01T00:00:00    89     1           15.5         2692.5       1684.23653       36.3334256              0.0              0.0       51.4251381       97.6593293              0.0        928.18811        269.37635              0.0              0.0        857.14286              0.0        428.57143        342.85714              0.0   9.4336460E-6   4.0179162E-7
2017-05-16T12:00:00    89     2           15.5         2708.0       1676.05200       33.5796072              0.0              0.0       52.9229865       96.1092458              0.0        925.80533        269.37635              0.0              0.0        857.14286              0.0        428.57143        342.85714              0.0   1.7727820E-5   7.5720810E-7
2017-06-01T00:00:00    90     1           15.0         2723.0       3114.05888              0.0              0.0              0.0              0.0        294.30592              0.0       1149.19422        201.53118              0.0              0.0       1476.63140              0.0        738.31570        342.85714              0.0   3.8754910E-5   1.0593268E-6
2017-06-16T00:00:00    90     2           15.0         2738.0       3104.94847              0.0              0.0              0.0              0.0        289.35867              0.0       1145.03106        201.53118              0.0              0.0       1476.63140              0.0        738.31570        342.85714              0.0   4.0174711E-5   1.1008770E-6
2017-07-01T00:00:00    91     1           15.5         2753.5       3621.57564              0.0              0.0              0.0              0.0        569.32687              0.0       1381.69004        201.53118              0.0              0.0       1476.63140              0.0        738.31570        342.85714              0.0   4.9583036E-5   1.1901936E-6
2017-07-16T12:00:00    91     2           15.5         2769.0       3610.26213              0.0              0.0              0.0              0.0        563.30210              0.0       1376.40131        201.53118              0.0              0.0       1476.63140              0.0        738.31570        342.85714              0.0   4.6931514E-5   1.1296140E-6
2017-08-01T00:00:00    92     1           15.5         2784.5       3973.92149              0.0              0.0              0.0              0.0        761.75998              0.0       1541.60282        201.53118              0.0              0.0       1476.63140              0.0        738.31570        342.85714              0.0   9.2083732E-5   2.0380128E-6
2017-08-16T12:00:00    92     2           15.5         2800.0       3961.27069              0.0              0.0              0.0              0.0        755.08887              0.0       1535.62314        201.53118              0.0              0.0       1476.63140              0.0        738.31570        342.85714              0.0   9.2238750E-5   2.0471755E-6
2017-09-01T00:00:00    93     1           15.0         2815.0       4164.12803              0.0              0.0              0.0              0.0        827.96403              0.0       1595.28171        201.97476              0.0              0.0       1523.80952              0.0        761.90476        342.85714              0.0   9.4603982E-5   2.0090207E-6
2017-09-16T00:00:00    93     2           15.0         2830.0       4151.31320              0.0              0.0              0.0              0.0        821.20808              0.0       1589.22284        201.97476              0.0              0.0       1523.80952              0.0        761.90476        342.85714              0.0   9.5510693E-5   2.0338105E-6
2017-10-01T00:00:00    94     1           15.5         2845.5       3993.59220        0.0499428              0.0              0.0              0.0        735.00858              0.0       1517.65139        201.97476              0.0              0.0       1523.80952              0.0        761.90476        342.85714              0.0   8.9728843E-5   1.9770925E-6
2017-10-16T12:00:00    94     2           15.5         2861.0       3981.03521              0.0              0.0              0.0              0.0        728.37838              0.0       1511.77455        201.97476              0.0              0.0       1523.80952              0.0        761.90476        342.85714              0.0   8.8036962E-5   1.9451954E-6
2017-11-01T00:00:00    95     1           15.0         2876.0       3594.20232        0.1407152              0.0              0.0              0.0        517.60038              0.0       1335.57889        201.97476              0.0              0.0       1523.80952              0.0        761.90476        342.85714              0.0   4.0932737E-5   9.8894414E-7
2017-11-16T00:00:00    95     2           15.0         2891.0       3583.49423              0.0              0.0              0.0              0.0        511.92164              0.0       1330.69026        201.97476              0.0              0.0       1523.80952              0.0        761.90476        342.85714              0.0   4.0380795E-5   9.7813966E-7
2017-12-01T00:00:00    96     1           15.5         2906.5       3006.55162        0.2133649              0.0              0.0              0.0        235.08299              0.0       1098.40751        270.00933              0.0              0.0       1523.80952              0.0        761.90476        342.85714              0.0   5.0528882E-5   1.3960499E-6
2017-12-16T12:00:00    96     2           15.5         2922.0       2997.55763              0.0              0.0              0.0              0.0        230.24171              0.0       1094.46816        270.00933              0.0              0.0       1523.80952              0.0        761.90476        342.85714              0.0   4.9985744E-5   1.3844840E-6
2018-01-01T00:00:00    97     1           15.5         2937.5       1568.34462       1223.43028              0.0              0.0       29.3511081        110.68559              0.0        874.98658        268.54952              0.0       36.9237907       36.9237907              0.0              0.0        342.85714              0.0   5.9127946E-5   2.6325581E-6
2018-01-16T12:00:00    97     2           15.5         2953.0       1518.95467       1174.72258              0.0              0.0       29.6142808        110.79958              0.0        874.45348        268.54952              0.0       35.5352268       35.5352268              0.0              0.0        342.85714              0.0   2.8385469E-5   1.2928868E-6
2018-02-01T00:00:00    98     1           14.0         2967.0       1134.11595       1168.22150              0.0              0.0        166.33203       44.8650512              0.0        698.76822        268.54952              0.0       41.9203794       41.9203794              0.0              0.0        342.85714              0.0   1.2711100E-4   6.5059179E-6
2018-02-15T00:00:00    98     2           14.0         2981.0       1096.82892       1130.31263              0.0              0.0        165.85559       44.8281250              0.0        698.95045        268.54952              0.0       40.7203571       40.7203571              0.0              0.0        342.85714              0.0   2.4838919E-5   1.2971991E-6
2018-03-01T00:00:00    99     1           15.5         2996.5        934.82970       1114.71171              0.0              0.0        225.18325       25.8483892              0.0        630.85963        268.54952              0.0       42.4748209       42.4748209              0.0              0.0        342.85714              0.0   1.1144553E-4   6.1439917E-6
2018-03-16T12:00:00    99     2           15.5         3012.0        897.16796       1075.95232              0.0              0.0        224.52735       25.8548244              0.0        631.29484        268.54952              0.0       41.2342417       41.2342417              0.0              0.0        342.85714              0.0   1.4608721E-5   8.2333443E-7
2018-04-01T00:00:00   100     1           15.0         3027.0        984.58781       1015.46352              0.0              0.0        164.14332       44.7635665              0.0        699.91073        268.54952              0.0       37.0525565       37.0525565              0.0              0.0        342.85714              0.0   2.6412130E-5   1.4696346E-6
2018-04-16T00:00:00   100     2           15.0         3042.0        950.49320        980.97984              0.0              0.0        163.76737       44.6835716              0.0        700.00396        268.54952              0.0       35.9562643       35.9562643              0.0              0.0        342.85714              0.0   1.4179166E-4   8.0489194E-6
2018-05-01T00:00:00   101     1           15.5         3057.5       1470.46817              0.0              0.0              0.0        115.08586       63.3198128              0.0        848.75338        269.37635              0.0              0.0        857.14286              0.0        428.57143        342.85714              0.0   4.4150908E-5   2.0088798E-6
2018-05-16T12:00:00   101     2           15.5         3073.0       1465.72848              0.0              0.0              0.0        116.98726       62.5542868              0.0        846.68038        269.37635              0.0              0.0        857.14286              0.0        428.57143        342.85714              0.0   2.8616782E-4   1.3037561E-5
2018-06-01T00:00:00   102     1           15.0         3088.0       2945.42609              0.0              0.0              0.0              0.0        203.13862              0.0       1071.72875        201.53118              0.0              0.0       1476.63140              0.0        738.31570        342.85714              0.0   4.4959534E-5   1.2883073E-6
2018-06-16T00:00:00   102     2           15.0         3103.0       2936.87740              0.0              0.0              0.0              0.0        198.46526              0.0       1067.85341        201.53118              0.0              0.0       1476.63140              0.0        738.31570        342.85714              0.0   4.6596298E-5   1.3384873E-6
2018-07-01T00:00:00   103     1           15.5         3118.5       3453.99514              0.0              0.0              0.0              0.0        478.45864              0.0       1304.97776        201.53118              0.0              0.0       1476.63140              0.0        738.31570        342.85714              0.0   3.7022754E-5   9.2594306E-7
2018-07-16T12:00:00   103     2           15.5         3134.0       3443.26519              0.0              0.0              0.0              0.0        472.71807              0.0       1299.98838        201.53118              0.0              0.0       1476.63140              0.0        738.31570        342.85714              0.0   3.8221127E-5   9.5848666E-7
2018-08-01T00:00:00   104     1           15.5         3149.5       3807.51726              0.0              0.0              0.0              0.0        671.26404              0.0       1465.69451        201.53118              0.0              0.0       1476.63140              0.0        738.31570        342.85714              0.0   6.6447299E-5   1.5268552E-6
2018-08-16T12:00:00   104     2           15.5         3165.0       3795.45160              0.0              0.0              0.0              0.0        664.87853              0.0       1460.01436        201.53118              0.0              0.0       1476.63140              0.0        738.31570        342.85714              0.0   6.1791574E-5   1.4238215E-6
2018-09-01T00:00:00   105     1           15.0         3180.0       3998.90044              0.0              0.0              0.0              0.0        737.95102              0.0       1520.06713        201.97476              0.0              0.0       1523.80952              0.0        761.90476        342.85714              0.0   8.4025824E-5   1.8492688E-6
2018-09-16T00:00:00   105     2           15.0         3195.0       3986.64990              0.0              0.0              0.0              0.0        731.47251              0.0       1514.29509        201.97476              0.0              0.0       1523.80952              0.0        761.90476        342.85714              0.0   8.0247797E-5   1.7708953E-6
2018-10-01T00:00:00   106     1           15.5         3210.5       3829.47809        0.0501951              0.0              0.0              0.0        645.63902              0.0       1442.90656        201.97476              0.0              0.0       1523.80952              0.0        761.90476        342.85714              0.0   5.2704884E-5   1.2048731E-6
2018-10-16T12:00:00   106     2           15.5         3226.0       3817.49589              0.0              0.0              0.0              0.0        639.29531              0.0       1437.31825        201.97476              0.0              0.0       1523.80952              0.0        761.90476        342.85714              0.0   5.1241667E-5   1.1746405E-6
2018-11-01T00:00:00   107     1           15.0         3241.0       3431.18709        0.1412498              0.0              0.0              0.0        428.99421              0.0       1261.16929        201.97476              0.0              0.0       1523.80952              0.0        761.90476        342.85714              0.0   4.2357749E-5   1.0653307E-6
2018-11-16T00:00:00   107     2           15.0         3256.0       3421.02377              0.0              0.0              0.0              0.0        423.59142              0.0       1256.55001        201.97476              0.0              0.0       1523.80952              0.0        761.90476        342.85714              0.0   4.1759892E-5   1.0529857E-6
2018-12-01T00:00:00   108     1           15.5         3271.5       2844.44665        0.2141164              0.0              0.0       17.1750838        164.33679              0.0       1024.22308        270.00933              0.0              0.0       1523.80952              0.0        761.90476        342.85714              0.0   5.5855729E-5   1.6075959E-6
2018-12-16T12:00:00   108     2           15.5         3287.0       2836.00208              0.0              0.0              0.0       18.6838066        161.28693              0.0       1020.55120        270.00933              0.0              0.0       1523.80952              0.0        761.90476        342.85714              0.0   5.4723811E-5   1.5781683E-6
2019-01-01T00:00:00   109     1           15.5         3302.5       1419.23574       1242.78404              0.0              0.0       80.5913307       68.5537047              0.0        799.89611        268.54952              0.0       43.6633451       43.6633451              0.0              0.0        342.85714              0.0   1.1658848E-4   5.4103963E-6
2019-01-16T12:00:00   109     2           15.5         3318.0       1370.23962       1193.85918              0.0              0.0       80.2645840       68.4247318              0.0        799.62698        268.54952              0.0       42.1829975       42.1829975              0.0              0.0        342.85714              0.0   3.5332390E-5   1.6792212E-6
2019-02-01T00:00:00   110     1           14.0         3332.0        989.22040       1190.61688              0.0              0.0        233.72926       19.6616835              0.0        624.07777        268.54952              0.0       48.5573167       48.5573167              0.0              0.0        342.85714              0.0   1.0077890E-5   5.3522845E-7
2019-02-15T00:00:00   110     2           14.0         3346.0        952.21343       1152.44380              0.0              0.0        233.01125       19.6944745              0.0        624.49308        268.54952              0.0       47.2775091       47.2775091              0.0              0.0        342.85714              0.0   1.1828281E-5   6.4147862E-7
2019-03-01T00:00:00   111     1           15.5         3361.5        790.60063       1136.62185              0.0              0.0        292.03974        0.8008297              0.0        556.62436        268.54952              0.0       48.9723484       48.9723484              0.0              0.0        342.85714              0.0   1.2305276E-5   7.0597469E-7
2019-03-16T12:00:00   111     2           15.5         3377.0        753.26749       1097.59643              0.0              0.0        291.12019        0.8849952              0.0        557.31293        268.54952              0.0       47.6476420       47.6476420              0.0              0.0        342.85714              0.0   1.2491183E-5   7.3329080E-7
2019-04-01T00:00:00   112     1           15.0         3392.0        840.95136       1036.80750              0.0              0.0        230.51625       19.8597327              0.0        626.20704        268.54952              0.0       43.3607854       43.3607854              0.0              0.0        342.85714              0.0   1.2878968E-5   7.4607270E-7
2019-04-16T00:00:00   112     2           15.0         3407.0        807.19647       1002.09313              0.0              0.0        229.88801       19.8550917              0.0        626.54293        268.54952              0.0       42.1873660       42.1873660              0.0              0.0        342.85714              0.0   1.2340212E-5   7.2989700E-7
2019-05-01T00:00:00   113     1           15.5         3422.5       1306.09683              0.0              0.0              0.0        181.49199       38.4417802              0.0        775.66617        269.37635              0.0              0.0        857.14286              0.0        428.57143        342.85714              0.0   6.9100342E-5   3.2907710E-6
2019-05-16T12:00:00   113     2           15.5         3438.0       1301.95502              0.0              0.0              0.0        183.12796       37.7561503              0.0        773.84597        269.37635              0.0              0.0        857.14286              0.0        428.57143        342.85714              0.0   6.8034507E-5   3.2438838E-6
2019-06-01T00:00:00   114     1           15.0         3453.0       2789.81815              0.0              0.0              0.0       21.9736280        140.65055              0.0       1000.58249        201.53118              0.0              0.0       1476.63140              0.0        738.31570        342.85714              0.0   4.7563743E-5   1.4171988E-6
2019-06-16T00:00:00   114     2           15.0         3468.0       2781.78019              0.0              0.0              0.0       23.3849095        137.66142              0.0        996.94496        201.53118              0.0              0.0       1476.63140              0.0        738.31570        342.85714              0.0   4.9100206E-5   1.4658732E-6
2019-07-01T00:00:00   115     1           15.5         3483.5       3299.41007              0.0              0.0              0.0              0.0        394.28328              0.0       1234.56805        201.53118              0.0              0.0       1476.63140              0.0        738.31570        342.85714              0.0   4.1063690E-5   1.0683102E-6
2019-07-16T12:00:00   115     2           15.5         3499.0       3289.20962              0.0              0.0              0.0              0.0        388.82591              0.0       1229.82498        201.53118              0.0              0.0       1476.63140              0.0        738.31570        342.85714              0.0   4.2630169E-5   1.1120146E-6
2019-08-01T00:00:00   116     1           15.5         3514.5       3654.05186              0.0              0.0              0.0              0.0        587.44831              0.0       1396.04486        201.53118              0.0              0.0       1476.63140              0.0        738.31570        342.85714              0.0   7.7548607E-5   1.8470814E-6
2019-08-16T12:00:00   116     2           15.5         3530.0       3642.51637              0.0              0.0              0.0              0.0        581.34703              0.0       1390.61060        201.53118              0.0              0.0       1476.63140              0.0        738.31570        342.85714              0.0   4.0230446E-5   9.6086366E-7
2019-09-01T00:00:00   117     1           15.0         3545.0       3846.52285              0.0              0.0              0.0              0.0        654.61063              0.0       1451.02989        201.97476              0.0              0.0       1523.80952              0.0        761.90476        342.85714              0.0   4.8000519E-5   1.0930686E-6
2019-09-16T00:00:00   117     2           15.0         3560.0       3834.78356              0.0              0.0              0.0              0.0        648.40747              0.0       1445.49375        201.97476              0.0              0.0       1523.80952              0.0        761.90476        342.85714              0.0   4.6169605E-5   1.0541931E-6
2019-10-01T00:00:00   118     1           15.5         3575.5       3678.08867        0.0504406              0.0              0.0              0.0        562.94078              0.0       1374.21512        201.97476              0.0              0.0       1523.80952              0.0        761.90476        342.85714              0.0   4.0615348E-5   9.6178336E-7
2019-10-16T12:00:00   118     2           15.5         3591.0       3666.62787              0.0              0.0              0.0              0.0        556.87977              0.0       1368.86577        201.97476              0.0              0.0       1523.80952              0.0        761.90476        342.85714              0.0   4.0223682E-5   9.5510070E-7
2019-11-01T00:00:00   119     1           15.0         3606.0       3280.74785        0.1417636              0.0              0.0              0.0        347.05588              0.0       1192.66788        201.97476              0.0              0.0       1523.80952              0.0        761.90476        342.85714              0.0   4.7095344E-5   1.2310642E-6
2019-11-16T00:00:00   119     2           15.0         3621.0       3271.07974              0.0              0.0              0.0              0.0        341.92346              0.0       1188.27395        201.97476              0.0              0.0       1523.80952              0.0        761.90476        342.85714              0.0   4.6366697E-5   1.2150883E-6
2019-12-01T00:00:00   120     1           15.5         3636.5       2694.76613        0.2148363              0.0              0.0       39.4467728        105.34782              0.0        955.80250        270.00933              0.0              0.0       1523.80952              0.0        761.90476        342.85714              0.0   5.8307039E-5   1.7420273E-6
2019-12-16T12:00:00   120     2           15.5         3652.0       2686.82212              0.0              0.0              0.0       41.3024243        102.91987              0.0        952.35692        270.00933              0.0              0.0       1523.80952              0.0        761.90476        342.85714              0.0   5.6763414E-5   1.6989993E-6
