SP TS  350  6  ITER 4  DELT 0.1666667  (NROW,NCOL,NLAY) = (6, 6, 2)   ERROR 0.0187242 %  FORMAT "(*(ES12.5, :, 1x))"     LAY 1
 1.53459E+00  1.25320E+00  1.26921E+00  1.03892E+00  9.22767E-01  7.57697E-01
 1.53440E+00  1.03976E+00  1.02583E+00  8.73577E-01  7.70073E-01  7.40017E-01
 1.53448E+00  1.14963E+00  9.97934E-01  9.39789E-01  7.97586E-01  6.57726E-01
 1.53440E+00  1.03796E+00  9.94824E-01  8.66373E-01  7.81056E-01  5.68403E-01
 1.53450E+00  1.16570E+00  1.05078E+00  9.26329E-01  4.98898E-01  4.75782E-01
 1.53459E+00  1.25031E+00  1.14208E+00  1.07592E+00  6.84330E-01  8.57403E-01
LAY 2
 1.52827E+00  1.25501E+00  1.25877E+00  1.03765E+00  9.18635E-01  7.60788E-01
 1.52391E+00  1.05688E+00  1.02782E+00  8.79437E-01  7.75342E-01  7.39527E-01
 1.52584E+00  1.15041E+00  1.00043E+00  9.35386E-01  7.96677E-01  6.60607E-01
 1.52378E+00  1.05271E+00  9.94724E-01  8.69708E-01  7.73578E-01  5.73184E-01
 1.52638E+00  1.17030E+00  1.05130E+00  9.22112E-01  5.15701E-01  4.97719E-01
 1.52826E+00  1.25221E+00  1.14087E+00  1.06583E+00  6.92245E-01  8.46013E-01
